0.0 3.170221035599951e-34 0.9999999999999997
0.4837768653004 1.6821058022648664e-06 0.9999983178941972
0.9675537306008 5.178160406433301e-06 0.9999948218395445
1.4513305959012 6.813792512203084e-06 0.9999931862074541
1.9351074612016 7.085691373671843e-06 0.9999929143085348
2.418884326502 1.0617403229887823e-05 0.999989382596688
2.9026611918024 1.8707198042708337e-05 0.9999812928018921
3.3864380571028 2.9976161749986227e-05 0.9999700238381302
3.8702149224032 4.6477417959437516e-05 0.9999535225818907
4.3539917877036 7.439649313191716e-05 0.9999256035067604
4.837768653004 0.0001233261920011739 0.9998766738079226
5.3215455183044 0.00021088794468868117 0.9997891120552092
5.8053223836048 0.0003741422860865262 0.999625857713804
6.2890992489052 0.0006945652244545919 0.9993054347754664
6.7728761142056 0.0013604556034505987 0.9986395443964539
7.256652979506 0.0028267506929214644 0.9971732493069987
7.7404298448064 0.006205710875838304 0.9937942891239823
8.2242067101068 0.014111086250860374 0.9858889137489428
8.7079835754072 0.03207488680690895 0.9679251131928818
9.1917604407076 0.06979927859415402 0.9302007214053977
9.675537306008 0.13951083472618148 0.8604891652736403
10.1593141713084 0.2475374142561914 0.7524625857437907
10.6430910366088 0.38044020638415216 0.619559793615646
11.1268679019092 0.49918103713382217 0.5008189628656744
11.6106447672096 0.5570010003331517 0.44299899966674283
12.09442163251 0.532842891810123 0.4671571081896738
12.5781984978104 0.44819489195232526 0.5518051080471604
13.0619753631108 0.35087339369717585 0.6491266063026877
13.5457522284112 0.28361738307019496 0.7163826169294054
14.0295290937116 0.2618990210305809 0.7381009789692791
14.513305959012 0.2708647689839874 0.729135231015591
14.9970828243124 0.28110260614008975 0.7188973938595199
15.4808596896128 0.27335167456778536 0.7266483254320628
15.9646365549132 0.2517656497167952 0.7482343502831125
16.4484134202136 0.2327620832180869 0.7672379167818395
16.932190285514 0.2240606663699678 0.7759393336299554
17.4159671508144 0.22033356915991906 0.7796664308398077
17.899744016114802 0.2158721993142479 0.7841278006856626
18.3835208814152 0.2112802027993908 0.7887197972005038
18.8672977467156 0.20815928302637018 0.7918407169735353
19.351074612016 0.2059901488731715 0.7940098511267201
19.834851477316402 0.20430685206259297 0.7956931479373512
20.3186283426168 0.20321077326780765 0.7967892267321138
20.8024052079172 0.20264896998267215 0.7973510300172487
21.2861820732176 0.20258091152522853 0.7974190884747134
21.769958938518002 0.2030232432356862 0.7969767567641199
22.2537358038184 0.2039783451309088 0.7960216548690151
22.7375126691188 0.2054844963900713 0.794515503609768
23.2212895344192 0.2076003697113472 0.7923996302884436
23.705066399719602 0.21040438210180343 0.7895956178980146
24.18884326502 0.21400649345073794 0.785993506549168
24.6726201303204 0.21854816418182035 0.7814518358180564
25.1563969956208 0.22421011584060607 0.7757898841591706
25.6401738609212 0.2312169349573237 0.7687830650424544
26.1239507262216 0.23983771801385861 0.7601622819860345
26.607727591522 0.250386789587069 0.7496132104128337
27.0915044568224 0.2632061758540088 0.7367938241458017
27.5752813221228 0.27863804082102606 0.721361959178895
28.0590581874232 0.29696592236111224 0.7030340776388094
28.5428350527236 0.3183199199956096 0.6816800800043055
29.026611918024 0.3425408345985443 0.6574591654013205
29.5103887833244 0.36900110225263794 0.6309988977473253
29.9941656486248 0.39641596144587304 0.6035840385538662
30.4779425139252 0.4226985495887224 0.577301450410988
30.9617193792256 0.4449818730543455 0.5550181269455673
31.445496244526 0.4599430774204167 0.5400569225795284
31.9292731098264 0.4645374217335517 0.5354625782663779
32.4130499751268 0.4570349716222931 0.5429650283775187
32.8968268404272 0.43794108442647556 0.5620589155731305
33.3806037057276 0.41020460977396633 0.5897953902259117
33.864380571028 0.3784489109633966 0.6215510890365002
34.3481574363284 0.3476242650755402 0.6523757349241398
34.8319343016288 0.32168468009434587 0.6783153199055385
35.3157111669292 0.3025517409240615 0.6974482590759015
35.799488032229604 0.28978997984851845 0.7102100201514029
36.28326489753 0.2816400741177057 0.7183599258819958
36.7670417628304 0.2766098045320779 0.7233901954676509
37.2508186281308 0.2738431548818575 0.7261568451180208
37.7345954934312 0.2725843756506832 0.7274156243492256
38.2183723587316 0.27212736217228845 0.7278726378275743
38.702149224032 0.27200676732076157 0.7279932326791987
39.1859260893324 0.27196579648942126 0.7280342035104739
39.669702954632804 0.27190881039029097 0.7280911896096162
40.1534798199332 0.2718367529968349 0.728163247002994
40.6372566852336 0.27176304493804776 0.7282369550617789
41.121033550534 0.271689420466306 0.7283105795333585
41.6048104158344 0.27161511333297933 0.7283848866664933
42.0885872811348 0.271540488164768 0.7284595118348649
42.5723641464352 0.27146738899818557 0.7285326110014848
43.0561410117356 0.2714018008158004 0.7285981991839197
43.539917877036004 0.27135136543475524 0.7286486345647987
44.0236947423364 0.27132379061672557 0.7286762093829677
44.5074716076368 0.27132840258706187 0.7286715974126743
44.9912484729372 0.2713882604825452 0.7286117395170673
45.4750253382376 0.2715233412780675 0.728476658721809
45.958802203538 0.27176273648324467 0.7282372635165913
46.4425790688384 0.2721434695870114 0.7278565304129463
46.926355934138805 0.27270750327501636 0.727292496724737
47.410132799439204 0.27352100240774924 0.7264789975922042
47.8939096647396 0.27464187796504597 0.7253581220348472
48.37768653004 0.27613989398141686 0.7238601060184894
48.8614633953404 0.27809113825995324 0.7219088617399266
49.3452402606408 0.28053148013633655 0.7194685198635846
49.8290171259412 0.28340874407976974 0.7165912559200154
50.3127939912416 0.2865308351786634 0.7134691648211438
50.796570856542004 0.28959955460490533 0.7104004453950238
51.2803477218424 0.2925922056318631 0.7074077943680642
51.7641245871428 0.29655570997932723 0.7034442900205078
52.2479014524432 0.3041627802062269 0.6958372197936851
52.7316783177436 0.31886857502170285 0.6811314249779583
53.215455183044 0.3423596179520088 0.6576403820477029
53.6992320483444 0.37256759805496714 0.6274324019449496
54.1830089136448 0.40483356673818277 0.5951664332617523
54.666785778945204 0.4348452346560999 0.5651547653438321
55.1505626442456 0.45996804538853076 0.5400319546113274
55.634339509546 0.4787319487173121 0.5212680512825937
56.1181163748464 0.4904170731879856 0.5095829268118712
56.6018932401468 0.4952489844608494 0.5047510155390718
57.0856701054472 0.49417022899836355 0.5058297710015979
57.5694469707476 0.48803685534822605 0.5119631446517052
58.053223836048 0.4775635126965721 0.5224364873032317
58.537000701348404 0.4644072003999459 0.5355927995999472
59.0207775666488 0.45136612730028786 0.5486338726995093
59.5045544319492 0.44050098348741423 0.5594990165125512
59.9883312972496 0.43180482687878674 0.5681951731209849
60.47210816255 0.42461334564221587 0.5753866543576894
60.9558850278504 0.41901879687417226 0.5809812031257598
61.4396618931508 0.4149998179934234 0.5850001820065106
61.9234387584512 0.4118907494471265 0.5881092505527976
62.407215623751604 0.40934325580471975 0.5906567441951955
62.890992489052 0.40749261416143534 0.5925073858383676
63.3747693543524 0.40636090591058527 0.5936390940891793
63.8585462196528 0.40586221109161835 0.5941377889082851
64.34232308495321 0.40596060069882417 0.5940393993011196
64.8260999502536 0.40662872732388594 0.5933712726759869
65.309876815554 0.4078317325040732 0.5921682674956402
65.7936536808544 0.40953059674104064 0.5904694032588396
66.2774305461548 0.41170952709337527 0.5882904729063544
66.7612074114552 0.41438495438939627 0.5856150456104762
67.2449842767556 0.4175647604106002 0.582435239589123
67.728761142056 0.42123122720939016 0.5787687727905503
68.2125380073564 0.42536771894552167 0.5746322810541404
68.6963148726568 0.42997103991478897 0.5700289600848998
69.1800917379572 0.43505096451201575 0.5649490354879159
69.6638686032576 0.440624675742851 0.5593753242570212
70.147645468558 0.4466858944626363 0.5533141055372397
70.6314223338584 0.45319513225579605 0.546804867743827
71.1151991991588 0.46010972113437765 0.5398902788655512
71.59897606445921 0.4674060683827 0.5325939316172063
72.08275292975961 0.4750671232748638 0.5249328767245177
72.56652979506 0.482974036270906 0.517025963728855
73.0503066603604 0.4906136704191394 0.5093863295803932
73.5340835256608 0.49670415094162434 0.5032958490579699
74.0178603909612 0.4991705203882331 0.5008294796115395
74.5016372562616 0.4959796565475618 0.5040203434523093
74.985414121562 0.48677584294608117 0.5132241570536754
75.4691909868624 0.47415087576355913 0.525849124236296
75.9529678521628 0.462909199299906 0.5370908007000474
76.4367447174632 0.4575205888535171 0.5424794111462232
76.9205215827636 0.4598717792292103 0.5401282207707129
77.404298448064 0.4679403196079609 0.5320596803918797
77.8880753133644 0.4754544295369698 0.5245455704628779
78.3718521786648 0.47486102574137035 0.5251389742583629
78.85562904396521 0.46320086381280595 0.5367991361871032
79.33940590926561 0.4449953594019162 0.5550046405977979
79.823182774566 0.42848007577567504 0.5715199242242536
80.3069596398664 0.41876569504496597 0.58123430495492
80.7907365051668 0.4144878136221417 0.5855121863778132
81.2745133704672 0.41112843062481896 0.5888715693749293
81.7582902357676 0.4069310754020217 0.593068924597769
82.242067101068 0.403529247729197 0.5964707522707553
82.7258439663684 0.4015102841856647 0.5984897158141251
83.2096208316688 0.39957689667087337 0.6004231033290838
83.6933976969692 0.3977572499194214 0.6022427500805407
84.1771745622696 0.3971957012592199 0.6028042987406402
84.66095142757 0.3975722470891923 0.6024277529107165
85.1447282928704 0.39778121880396705 0.6022187811958255
85.6285051581708 0.39788571774525205 0.6021142822546703
86.1122820234712 0.3984989464127761 0.6015010535871749
86.59605888877161 0.3994866510017747 0.6005133489980412
87.07983575407201 0.40048943912208446 0.5995105608777466
87.5636126193724 0.40162488954669523 0.5983751104532264
88.0473894846728 0.40301912760157044 0.5969808723982762
88.5311663499732 0.4045854010821314 0.5954145989174037
89.0149432152736 0.406310930041488 0.593689069958311
89.498720080574 0.40823278227879406 0.5917672177210909
89.9824969458744 0.41037182230255254 0.5896281776974314
90.4662738111748 0.41279133693707803 0.5872086630627056
90.9500506764752 0.41547345284796483 0.5845265471518392
91.4338275417756 0.41814174697475287 0.581858253025186
91.917604407076 0.42075218296876477 0.5792478170311507
92.4013812723764 0.42442624684631064 0.5755737531535507
92.8851581376768 0.43035115419086073 0.5696488458089721
93.3689350029772 0.4366387367848156 0.5633612632149299
93.85271186827761 0.43791305841282013 0.5620869415869818
94.33648873357801 0.4295345172646091 0.5704654827352105
94.82026559887841 0.4116879784647686 0.5883120215349615
95.3040424641788 0.38945051399054503 0.610549486009361
95.7878193294792 0.37023089192372965 0.6297691080760935
96.2715961947796 0.36100134124798133 0.6389986587517544
96.75537306008 0.36566943456087225 0.6343305654389824
97.2391499253804 0.3829197036776695 0.6170802963221558
97.7229267906808 0.4064190690339007 0.593580930965944
98.2067036559812 0.4281437214003025 0.5718562785995218
98.6904805212816 0.44228681316143464 0.5577131868384834
99.174257386582 0.4472709697937426 0.5527290302059219
99.6580342518824 0.4459835531485201 0.5540164468513803
100.1418111171828 0.44415158829375717 0.55584841170593
100.6255879824832 0.4467194673201661 0.5532805326797201
101.1093648477836 0.45529622267915565 0.5447037773206957
101.59314171308401 0.46922588378202884 0.5307741162179328
102.07691857838441 0.48695005765098964 0.513049942348866
102.5606954436848 0.5047451139624713 0.4952548860373835
103.0444723089852 0.516862209328698 0.4831377906708178
103.5282491742856 0.5195655702559077 0.48043442974395273
104.012026039586 0.5141967707601619 0.48580322923978947
104.4958029048864 0.5056704010397389 0.4943295989601209
104.9795797701868 0.4987259921662465 0.5012740078337308
105.4633566354872 0.49552634128594175 0.504473658713927
105.9471335007876 0.4957208871033955 0.5042791128965002
106.430910366088 0.497570008677532 0.5024299913220057
106.9146872313884 0.49892708550223336 0.5010729144977412
107.3984640966888 0.49841270352460004 0.5015872964752836
107.8822409619892 0.49654946857788873 0.5034505314218325
108.3660178272896 0.4952453369184451 0.5047546630814495
108.84979469259001 0.4957369481219476 0.5042630518778756
109.33357155789041 0.4974394446001984 0.5025605553997212
109.81734842319081 0.49892378970569007 0.5010762102942302
110.3011252884912 0.4996127358629082 0.5003872641370769
110.7849021537916 0.5001859910758604 0.4998140089240821
111.268679019092 0.5014364862196073 0.4985635137802846
111.7524558843924 0.5031555011748332 0.49684449882490156
112.2362327496928 0.5044800473167422 0.4955199526830445
112.7200096149932 0.5052019675682072 0.4947980324316031
113.2037864802936 0.5063380510643025 0.49366194893566184
113.687563345594 0.509056238778265 0.49094376122158795
114.1713402108944 0.5125919638990765 0.48740803610079003
114.6551170761948 0.5137862649687316 0.48621373503105253
115.1388939414952 0.5100857075139429 0.4899142924859621
115.6226708067956 0.5026976337754387 0.49730236622444907
116.106447672096 0.4955679236495672 0.5044320763503042
116.59022453739641 0.4917657979576135 0.5082342020421996
117.07400140269681 0.4918567074115047 0.5081432925883114
117.55777826799721 0.4946943910269484 0.5053056089729525
118.0415551332976 0.49857799488019205 0.5014220051195446
118.525331998598 0.5026084506343514 0.4973915493655215
119.0091088638984 0.5079198259647191 0.4920801740352484
119.4928857291988 0.5171150595544186 0.48288494044529895
119.9766625944992 0.5319186969222682 0.46808130307751644
120.4604394597996 0.5507755251220723 0.4492244748778109
120.9442163251 0.5683212846066003 0.43167871539272146
121.4279931904004 0.5778012030551235 0.42219879694471
121.9117700557008 0.5752476809061667 0.4247523190937512
122.3955469210012 0.5625537843036038 0.43744621569621367
122.8793237863016 0.5465965455868197 0.4534034544128446
123.363100651602 0.5342671792119799 0.46573282078794176
123.8468775169024 0.5276510093033245 0.47234899069662023
124.33065438220281 0.5240388062166065 0.4759611937832855
124.81443124750321 0.5198934580269233 0.48010654197300623
125.29820811280361 0.5134590540548783 0.48654094594508024
125.781984978104 0.5044687433600729 0.49553125663986763
126.2657618434044 0.4943678328258474 0.5056321671740507
126.7495387087048 0.48682208230131246 0.5131779176986069
127.2333155740052 0.48464952320429516 0.5153504767954497
127.7170924393056 0.4858125121540624 0.5141874878456206
128.20086930460602 0.4856568136512884 0.5143431863486814
128.68464616990642 0.4829916337785142 0.5170083662214366
129.1684230352068 0.4805492252972677 0.5194507747026842
129.6521999005072 0.48001923251481476 0.5199807674850486
130.1359767658076 0.4803623203977414 0.519637679602211
130.619753631108 0.4807775653600168 0.5192224346395584
131.1035304964084 0.48174275865722405 0.5182572413424245
131.5873073617088 0.4829451594934375 0.5170548405063994
132.0710842270092 0.48350006533451767 0.5164999346653485
132.5548610923096 0.4840681364312406 0.5159318635685052
133.03863795761 0.48544930801205954 0.5145506919877584
133.5224148229104 0.48611375710772253 0.5138862428921166
134.0061916882108 0.4846443897647975 0.5153556102346386
134.4899685535112 0.48273599395710987 0.5172640060428764
134.9737454188116 0.4825307022364882 0.5174692977633621
135.457522284112 0.483157356185277 0.5168426438145675
135.9412991494124 0.4819197642465155 0.5180802357533263
136.4250760147128 0.47706016486872865 0.5229398351310546
136.9088528800132 0.4689467765003267 0.5310532234995694
137.3926297453136 0.45984951046501993 0.5401504895348098
137.876406610614 0.45217853391496193 0.5478214660849585
138.3601834759144 0.44623056211856893 0.5537694378813538
138.8439603412148 0.4398694222172771 0.5601305777826573
139.3277372065152 0.43053566919342473 0.5694643308064884
139.8115140718156 0.41771395744453793 0.5822860425552181
140.295290937116 0.4040623940748549 0.5959376059249916
140.7790678024164 0.3942525613057715 0.605747438694197
141.2628446677168 0.3918815210971342 0.6081184789023163
141.7466215330172 0.39668194798145096 0.603318052018465
142.2303983983176 0.40435566956065433 0.5956443304390026
142.71417526361802 0.4094338390298724 0.590566160970055
143.19795212891842 0.4096286348674767 0.5903713651324313
143.68172899421882 0.4076062375147375 0.5923937624852319
144.16550585951921 0.40756789220778916 0.5924321077921122
144.6492827248196 0.41085781834629076 0.5891421816535152
145.13305959012 0.41517266567775524 0.5848273343221434
145.6168364554204 0.416839196126381 0.583160803873473
146.1006133207208 0.4143770994593197 0.5856229005404975
146.5843901860212 0.4101684841630077 0.5898315158369403
147.0681670513216 0.4073792768473006 0.5926207231525935
147.551943916622 0.40609024516562847 0.5939097548343552
148.0357207819224 0.4046382145862071 0.5953617854137615
148.5194976472228 0.4034607753915104 0.5965392246084407
149.0032745125232 0.40420683212637887 0.5957931678735663
149.4870513778236 0.4058683194634377 0.5941316805362912
149.970828243124 0.4055878866864696 0.5944121133133684
150.4546051084244 0.40320964499996415 0.5967903549997154
150.9383819737248 0.4017814196471572 0.5982185803527992
151.4221588390252 0.40286877645461316 0.5971312235452817
151.9059357043256 0.4043965305761707 0.5956034694237644
152.389712569626 0.4042665385930386 0.5957334614068448
152.8734894349264 0.40325386254460177 0.596746137455202
153.3572663002268 0.4032235363461705 0.5967764636537369
153.8410431655272 0.4044717125471412 0.59552828745283
154.3248200308276 0.40576059461134756 0.5942394053885544
154.808596896128 0.40648853392527234 0.5935114660746219
155.2923737614284 0.40769038329167623 0.5923096167082036
155.7761506267288 0.41000820201230354 0.5899917979874124
156.2599274920292 0.41187794885438533 0.5881220511455857
156.7437043573296 0.41132094339312025 0.5886790566066014
157.22748122263 0.4086908408768715 0.5913091591230664
157.71125808793042 0.40631022331385813 0.5936897766859262
158.19503495323082 0.40583726264692915 0.5941627373528731
158.67881181853122 0.4068211757085893 0.5931788242912068
159.16258868383161 0.4076813106360698 0.5923186893637136
159.646365549132 0.40783140900397774 0.5921685909956473
160.1301424144324 0.4089888229980527 0.5910111770017771
160.6139192797328 0.41402092051523065 0.5859790794845888
161.0976961450332 0.42383392068893216 0.5761660793109901
161.5814730103336 0.4358519270916865 0.5641480729082565
162.065249875634 0.4460612702306986 0.5539387297691327
162.5490267409344 0.4515241164408018 0.5484758835587829
163.0328036062348 0.45097758293458795 0.5490224170653459
163.5165804715352 0.4451857429122542 0.5548142570877306
164.0003573368356 0.43716748482623585 0.5628325151737017
164.484134202136 0.4301672135715223 0.5698327864282496
164.9679110674364 0.42492578949659365 0.575074210503242
165.4516879327368 0.42019723229794287 0.5798027677018457
165.9354647980372 0.4159201980563615 0.5840798019432819
166.4192416633376 0.4138873989391371 0.5861126010607394
166.903018528638 0.41440567148483015 0.58559432851512
167.3867953939384 0.41415233026997034 0.585847669729735
167.8705722592388 0.4085136961116792 0.5914863038882164
168.3543491245392 0.3953637004747071 0.6046362995251303
168.8381259898396 0.377246840092767 0.6227531599070973
169.32190285514 0.3610537717577066 0.6389462282422411
169.8056797204404 0.3541342869924622 0.6458657130074502
170.2894565857408 0.3583066238711936 0.6416933761285708
170.7732334510412 0.3673483736208112 0.6326516263787316
171.2570103163416 0.3717079664803557 0.6282920335194028
171.740787181642 0.36650516268356426 0.6334948373163253
172.2245640469424 0.35462616371966543 0.645373836280248
172.70834091224282 0.34249973472815415 0.6575002652717638
173.19211777754322 0.33481932544581405 0.665180674554095
173.67589464284362 0.33337528680015466 0.6666247131997516
174.15967150814402 0.33731885983398613 0.66268114016593
174.64344837344441 0.34260937340507397 0.657390626594809
175.1272252387448 0.3439170781413559 0.6560829218584063
175.6110021040452 0.339222442069081 0.6607775579307676
176.0947789693456 0.3320334665082702 0.6679665334916788
176.578555834646 0.32804625742211707 0.6719537425775616
177.0623326999464 0.3293086678939267 0.6706913321058773
177.5461095652468 0.33328347323412166 0.6667165267657625
178.0298864305472 0.33773032269088127 0.6622696773090536
178.5136632958476 0.3428850881335864 0.6571149118663197
178.997440161148 0.3481972634896666 0.6518027365102863
179.4812170264484 0.35094185398149846 0.6490581460182907
179.9649938917488 0.34927081663141346 0.6507291833684801
180.4487707570492 0.3441056700557081 0.6558943299442624
180.9325476223496 0.3382378346005713 0.6617621653994112
181.41632448765 0.3352521170777928 0.6647478829221701
181.9001013529504 0.3370735422947695 0.6629264577051756
182.3838782182508 0.34040860539858975 0.6595913946012196
182.8676550835512 0.33798275330057215 0.6620172466989163
183.3514319488516 0.32512661640190343 0.6748733835979959
183.835208814152 0.3043347882967846 0.6956652117031557
184.3189856794524 0.28299582614352004 0.7170041738564604
184.8027625447528 0.26745174091059165 0.7325482590892077
185.2865394100532 0.25976480119962647 0.740235198800265
185.7703162753536 0.2588275010477297 0.7411724989522356
186.254093140654 0.26210561665318044 0.7378943833466951
186.7378700059544 0.26626224996464587 0.7337377500352459
187.2216468712548 0.268027335115041 0.7319726648847571
187.70542373655522 0.26511194744678845 0.7348880525531798
188.18920060185562 0.2567471890738091 0.7432528109261741
188.67297746715602 0.24486461265180576 0.7551353873478096
189.15675433245642 0.23485141419329222 0.7651485858066773
189.64053119775681 0.2330755537785463 0.7669244462214251
190.1243080630572 0.24172693235494544 0.758273067644793
190.6080849283576 0.255744116902847 0.7442558830971583
191.091861793658 0.26552861418352197 0.7344713858163381
191.5756386589584 0.2634330792356384 0.7365669207642772
192.0594155242588 0.24916970624857765 0.7508302937511517
192.5431923895592 0.23058851842225558 0.7694114815776046
193.0269692548596 0.2184681989422986 0.7815318010575171
193.51074612016 0.21857101271903662 0.7814289872807159
193.9945229854604 0.2275797023353171 0.7724202976645549
194.4782998507608 0.23651371839307797 0.7634862816068436
194.9620767160612 0.23847265662677014 0.7615273433731857
195.4458535813616 0.23336780641845042 0.7666321935814931
195.929630446662 0.22586636641158117 0.7741336335881306
196.4134073119624 0.22046695900929442 0.7795330409905824
196.8971841772628 0.21860853936380165 0.7813914606361078
197.3809610425632 0.21889202451559817 0.7811079754841806
197.8647379078636 0.219555653312396 0.7804443466875377
198.348514773164 0.22053631486803157 0.7794636851319209
198.8322916384644 0.22243116452703335 0.7775688354727671
199.3160685037648 0.2244576272796732 0.7755423727201883
199.7998453690652 0.22534417678382748 0.7746558232160546
200.2836222343656 0.22572209242143967 0.7742779075784453
200.767399099666 0.2279170774740368 0.7720829225258764
201.2511759649664 0.23351276240188187 0.7664872375980445
201.7349528302668 0.2418714544856984 0.7581285455141444
202.2187296955672 0.2507295517968177 0.7492704482031026
202.70250656086762 0.25810123049410855 0.7418987695056957
203.18628342616802 0.264087562050467 0.735912437949338
203.67006029146842 0.2706093269069051 0.7293906730930885
204.15383715676882 0.2789496687399658 0.7210503312599894
204.63761402206922 0.28818912545111447 0.7118108745488251
205.1213908873696 0.2962540428245246 0.703745957175416
205.60516775267 0.3014976893334738 0.6985023106663691
206.0889446179704 0.3032284902800268 0.6967715097198914
206.5727214832708 0.3016320539476189 0.6983679460523692
207.0564983485712 0.2974331594894566 0.7025668405104413
207.5402752138716 0.2913793223591726 0.7086206776407599
208.024052079172 0.28452927737239486 0.7154707226272946
208.5078289444724 0.2793883042659256 0.7206116957339765
208.9916058097728 0.27932992258299455 0.720670077416861
209.4753826750732 0.2853165325055304 0.714683467494354
209.9591595403736 0.293514103830527 0.7064858961693506
210.442936405674 0.29709824423042513 0.7029017557694047
210.9267132709744 0.2910075379180911 0.7089924620818152
211.4104901362748 0.27568783726632806 0.724312162733185
211.8942670015752 0.2569900766189311 0.7430099233810288
212.3780438668756 0.24261205742760794 0.7573879425722182
212.861820732176 0.23785024178246705 0.7621497582175266
213.3455975974764 0.24334335249412667 0.7566566475057261
213.8293744627768 0.25543965845665517 0.7445603415432455
214.3131513280772 0.2679317170263936 0.7320682829735518
214.7969281933776 0.2741455052299203 0.7258544947699158
215.280705058678 0.2695136896977783 0.7304863103021062
215.7644819239784 0.2543658755978503 0.7456341244020138
216.2482587892788 0.23485114395359694 0.765148856046151
216.7320356545792 0.21970720269902194 0.7802927973008592
217.2158125198796 0.21442133824847243 0.7855786617514688
217.69958938518002 0.21817111052971927 0.7818288894702247
218.18336625048042 0.2258691915823498 0.7741308084175311
218.66714311578082 0.2317132460471891 0.7682867539527952
219.15091998108122 0.23155418904657174 0.7684458109532888
219.63469684638162 0.22473279622263592 0.7752672037772442
220.11847371168201 0.21487653966134518 0.7851234603385568
220.6022505769824 0.2079819506936231 0.792018049306273
221.0860274422828 0.20857026864483919 0.7914297313548456
221.5698043075832 0.21728902810702752 0.7827109718928135
222.0535811728836 0.2312107724714008 0.7687892275285408
222.537358038184 0.24455870201394447 0.7554412979858586
223.0211349034844 0.2500450335441014 0.7499549664556896
223.5049117687848 0.2437331514378533 0.7562668485620003
223.9886886340852 0.22988082367790924 0.7701191763220383
224.4724654993856 0.21805576322675332 0.7819442367730873
224.956242364686 0.214993267985711 0.785006732013859
225.4400192299864 0.2209559213265408 0.7790440786729769
225.9237960952868 0.2319471139843519 0.7680528860155572
226.4075729605872 0.2429974368305067 0.7570025631694537
226.8913498258876 0.25071569315836284 0.7492843068415184
227.375126691188 0.25421592403880827 0.7457840759608358
227.8589035564884 0.25422964628279404 0.7457703537171552
228.3426804217888 0.2525388158250294 0.7474611841746155
228.8264572870892 0.25153216066500644 0.748467839334873
229.3102341523896 0.2521957774667432 0.7478042225330791
229.79401101769 0.2524983869100347 0.7475016130897625
230.2777878829904 0.24881790311551627 0.7511820968844226
230.7615647482908 0.23917935587257128 0.7608206441273148
231.2453416135912 0.2250922053236863 0.7749077946761658
231.7291184788916 0.2108111912551389 0.7891888087446113
232.212895344192 0.20131373613687448 0.7986862638624813
232.69667220949242 0.20026090847534367 0.7997390915244766
233.18044907479282 0.20788246810424202 0.7921175318956283
233.66422594009322 0.21951593298436972 0.7804840670155951
234.14800280539362 0.22754073010698672 0.7724592698927362
234.63177967069402 0.22655674723559213 0.7734432527639127
235.11555653599441 0.21716586464109006 0.782834135358908
235.5993334012948 0.20522301714988536 0.7947769828500448
236.0831102665952 0.1972584864540428 0.8027415135459361
236.5668871318956 0.1956130258556899 0.8043869741441795
237.050663997196 0.1976586478354781 0.802341352164257
237.5344408624964 0.19963651808493518 0.8003634819149462
238.0182177277968 0.20031306387470618 0.7996869361249835
238.5019945930972 0.20019876627007918 0.799801233729831
238.9857714583976 0.19900172484705578 0.8009982751526994
239.469548323698 0.1959992469228292 0.8040007530770062
239.9533251889984 0.19172805496531595 0.8082719450344342
240.4371020542988 0.18774320810044018 0.8122567918994853
240.9208789195992 0.18615501029851259 0.8138449897013367
241.4046557848996 0.1896405859807912 0.8103594140190429
241.8884326502 0.1990768492857046 0.800923150714262
242.3722095155004 0.2113672483221162 0.788632751677753
242.8559863808008 0.22217495638414506 0.7778250436158486
243.3397632461012 0.22947640388470622 0.7705235961152138
243.8235401114016 0.23314298973098127 0.7668570102688352
244.307316976702 0.23434462073185003 0.765655379267989
244.7910938420024 0.2369689527196493 0.7630310472802732
245.2748707073028 0.24615552686437658 0.753844473135456
245.7586475726032 0.2625811869128075 0.737418813087078
246.2424244379036 0.2797693900077901 0.7202306099920817
246.726201303204 0.2898231743713179 0.710176825628524
247.2099781685044 0.29091930730228144 0.7090806926975495
247.6937550338048 0.28732867072816587 0.7126713292716618
248.17753189910522 0.2842311426306189 0.7157688573692901
248.66130876440562 0.2844744235821188 0.7155255764176874
249.14508562970602 0.2881152540757341 0.7118847459241441
249.62886249500642 0.29321628513443443 0.7067837148655034
250.11263936030682 0.2978762289099633 0.7021237710898284
250.59641622560721 0.30162289212078475 0.6983771078789338
251.0801930909076 0.30448293720805153 0.6955170627918623
251.563969956208 0.30629097610151346 0.6937090238981412
252.0477468215084 0.30767960511736175 0.6923203948823458
252.5315236868088 0.3099545518887519 0.6900454481111634
253.0153005521092 0.31293842918479975 0.6870615708150588
253.4990774174096 0.3139999649627135 0.6860000350371529
253.98285428271 0.30999272329544597 0.6900072767043901
254.4666311480104 0.30014960936123886 0.6998503906386183
254.9504080133108 0.28726492026854183 0.7127350797314551
255.4341848786112 0.27648298308309444 0.7235170169168097
255.9179617439116 0.27290981762549854 0.7270901823743843
256.40173860921203 0.2791357524279503 0.7208642475719801
256.88551547451243 0.29336430255884366 0.7066356974410513
257.36929233981283 0.3098036060767866 0.6901963939231811
257.85306920511323 0.3220072771391259 0.677992722860869
258.3368460704136 0.32643415587212227 0.6735658441275235
258.820622935714 0.32309757123975436 0.6769024287600016
259.3043998010144 0.3138522335717667 0.6861477664281885
259.7881766663148 0.3015657233793159 0.6984342766206438
260.2719535316152 0.29107450315903743 0.7089254968408379
260.7557303969156 0.28820668707643604 0.7117933129231653
261.239507262216 0.29523101749026515 0.7047689825096621
261.7232841275164 0.3079768014782582 0.6920231985216907
262.2070609928168 0.3192652782754322 0.6807347217243522
262.6908378581172 0.3250168113454448 0.6749831886544807
263.1746147234176 0.3263416902226205 0.6736583097771051
263.658391588718 0.32617879957452933 0.6738212004253619
264.1421684540184 0.324627155112578 0.6753728448871823
264.6259453193188 0.3185232010091353 0.6814767989908134
265.1097221846192 0.3064836202937931 0.6935163797061619
265.5934990499196 0.29335231957859187 0.7066476804212639
266.07727591522 0.28773752282999865 0.7122624771697169
266.5610527805204 0.29467159117982983 0.7053284088201225
267.0448296458208 0.3109962978562022 0.6890037021435653
267.5286065111212 0.32782592110409137 0.6721740788958122
268.0123833764216 0.33720618525335955 0.6627938147464364
268.496160241722 0.33677377608894926 0.6632262239104852
268.9799371070224 0.32968196392115934 0.6703180360786131
269.4637139723228 0.3220275138599012 0.6779724861397596
269.9474908376232 0.3201647195009925 0.6798352804988472
270.4312677029236 0.3276035946890634 0.672396405310887
270.915044568224 0.34230505693632596 0.6576949430636244
271.3988214335244 0.3577004989034601 0.6422995010963711
271.8825982988248 0.36773932308424295 0.6322606769156167
272.3663751641252 0.3708910923713591 0.6291089076285182
272.8501520294256 0.3690837772816006 0.6309162227181768
273.333928894726 0.36430979558497845 0.6356902044149845
273.8177057600264 0.3578955958437272 0.6421044041562344
274.3014826253268 0.3516026374222337 0.6483973625776106
274.7852594906272 0.3469307302568289 0.6530692697430528
275.2690363559276 0.34386666310346303 0.6561333368964063
275.752813221228 0.34143858125198573 0.6585614187479897
276.2365900865284 0.3387642830459833 0.661235716953987
276.7203669518288 0.33570751609754707 0.6642924839023171
277.2041438171292 0.3333206851539339 0.66667931484604
277.6879206824296 0.3327479535522301 0.6672520464476139
278.17169754773 0.33317686286087433 0.6668231371389342
278.6554744130304 0.33190260298396845 0.6680973970159444
279.1392512783308 0.32674529885527703 0.6732547011445662
279.6230281436312 0.31804276530687664 0.6819572346928207
280.1068050089316 0.3092500576313696 0.6907499423684127
280.590581874232 0.3058577970621219 0.6941422029377423
281.0743587395324 0.31094580745939215 0.6890541925405375
281.5581356048328 0.3208905451984249 0.6791094548015331
282.0419124701332 0.3282632410654207 0.6717367589344352
282.5256893354336 0.3286741012820551 0.671325898717559
283.009466200734 0.32317153274598037 0.6768284672537848
283.4932430660344 0.31673490979809904 0.6832650902017088
283.9770199313348 0.31560133666503265 0.6843986633349287
284.4607967966352 0.32274221490428034 0.6772577850956832
284.9445736619356 0.33489977933880766 0.6651002206610901
285.42835052723603 0.3456947486333194 0.654305251366511
285.91212739253643 0.35167823113686647 0.6483217688627524
286.39590425783683 0.3545003919404268 0.6454996080592795
286.87968112313723 0.3576376088507937 0.6423623911490609
287.36345798843763 0.36191448960430506 0.6380855103955724
287.84723485373803 0.3645051468416797 0.6354948531582908
288.33101171903843 0.36219272235987493 0.6378072776400392
288.8147885843388 0.35513699667693255 0.6448630033228859
289.2985654496392 0.34694653826353566 0.6530534617364108
289.7823423149396 0.3412309536347487 0.6587690463650184
290.26611918024 0.33932933876673216 0.6606706612332359
290.7498960455404 0.34171220803925345 0.6582877919607236
291.2336729108408 0.3491462777113215 0.6508537222885628
291.7174497761412 0.36049904956160694 0.6395009504382713
292.2012266414416 0.3711018745142449 0.6288981254857098
292.685003506742 0.37612597482874904 0.6238740251711652
293.1687803720424 0.3755072705753013 0.6244927294245356
293.6525572373428 0.3733295283941394 0.6266704716058246
294.1363341026432 0.37273074392034233 0.6272692560792392
294.6201109679436 0.3737038528083308 0.6262961471915058
295.103887833244 0.3750565955398563 0.6249434044600746
295.5876646985444 0.3761306452786907 0.6238693547211314
296.0714415638448 0.3768525668843215 0.6231474331155388
296.5552184291452 0.37746529726216893 0.6225347027376413
297.0389952944456 0.3781317004444877 0.6218682995553346
297.522772159746 0.3785969434383016 0.6214030565615567
298.0065490250464 0.3788414215915497 0.6211585784082948
298.4903258903468 0.3799872759536504 0.6200127240462239
298.9741027556472 0.3840265179421936 0.615973482057555
299.4578796209476 0.39281244343045635 0.6071875565694331
299.941656486248 0.40709995789087927 0.5929000421090082
300.4254333515484 0.424869523420273 0.5751304765796696
300.9092102168488 0.4401626402097894 0.5598373597899838
301.3929870821492 0.44620971424895295 0.5537902857510419
301.8767639474496 0.4411996889349157 0.558800311065058
302.36054081275 0.4294503588814509 0.5705496411184021
302.8443176780504 0.41716256697206733 0.5828374330277406
303.3280945433508 0.408856600790297 0.5911433992096333
303.8118714086512 0.4064066203658915 0.5935933796339398
304.2956482739516 0.40868306867461435 0.5913169313251865
304.779425139252 0.4120797605303634 0.5879202394695813
305.2632020045524 0.41301443624784795 0.5869855637521467
305.7469788698528 0.4106889129529489 0.589311087047045
306.2307557351532 0.4070936034604553 0.5929063965394041
306.7145326004536 0.4046218354542361 0.595378164545734
307.198309465754 0.40431374626618094 0.5956862537336448
307.6820863310544 0.4057259917941903 0.5942740082057958
308.1658631963548 0.407514230474542 0.5924857695253424
308.6496400616552 0.40791902979463035 0.5920809702049784
309.1334169269556 0.40509315433590637 0.5949068456640022
309.617193792256 0.3981522805345161 0.6018477194653855
310.1009706575564 0.3886532316421104 0.6113467683575471
310.5847475228568 0.38008652830348105 0.6199134716965234
311.0685243881572 0.3755249342998991 0.6244750657000966
311.5523012534576 0.3769969846359842 0.6230030153635783
312.036078118758 0.3862134695019178 0.6137865304980324
312.5198549840584 0.4022405166228788 0.5977594833769878
313.0036318493588 0.4180822764360026 0.581917723563949
313.4874087146592 0.4238464843100605 0.5761535156899138
313.9711855799596 0.41623272793888194 0.5837672720609121
314.45496244526 0.40364382340285704 0.5963561765971012
314.9387393105604 0.399829051524833 0.6001709484748566
315.42251617586084 0.411974050083697 0.5880259499161812
315.90629304116123 0.4349853111589413 0.5650146888408978
316.39006990646163 0.45627676625059466 0.5437232337493677
316.87384677176203 0.4654953228186582 0.5345046771813179
317.35762363706243 0.46123581932665914 0.5387641806730088
317.84140050236283 0.4507355719334939 0.5492644280663673
318.32517736766323 0.44346227741612093 0.5565377225837859
318.80895423296363 0.4436064219674027 0.5563935780323751
319.292731098264 0.4484663811439225 0.5515336188559359
319.7765079635644 0.4539132496357281 0.5460867503640426
320.2602848288648 0.4591076031103326 0.5408923968895846
320.7440616941652 0.46478854994202734 0.535211450057918
321.2278385594656 0.46955791005440795 0.5304420899452229
321.711615424766 0.47068706321365805 0.5293129367862054
322.1953922900664 0.4680671306349322 0.5319328693647056
322.6791691553668 0.4652150584140287 0.5347849415858819
323.1629460206672 0.46597055711827345 0.5340294428815532
323.6467228859676 0.4715062706749017 0.5284937293248205
324.130499751268 0.4801743204078049 0.5198256795921011
324.6142766165684 0.4878058578034646 0.5121941421964022
325.0980534818688 0.48845740424559914 0.5115425957539607
325.5818303471692 0.47860181943537694 0.5213981805646117
326.0656072124696 0.4617196226887854 0.5382803773108944
326.54938407777 0.44677759852293497 0.5532224014767229
327.0331609430704 0.4421109343339536 0.557889065665955
327.5169378083708 0.45065029678550306 0.5493497032144912
328.0007146736712 0.4676714788784676 0.5323285211213873
328.4844915389716 0.48217060261772104 0.517829397382091
328.968268404272 0.4841065676909044 0.5158934323090278
329.4520452695724 0.472339436009361 0.5276605639905325
329.9358221348728 0.45467563182845394 0.5453243681714659
330.4195990001732 0.4405752703834558 0.5594247296164668
330.9033758654736 0.43467864813374946 0.565321351866052
331.387152730774 0.43556618629324473 0.564433813706747
331.8709295960744 0.43853511635692455 0.5614648836429728
332.3547064613748 0.44034672239376627 0.559653277605992
332.8384833266752 0.4417059302309216 0.5582940697689084
333.3222601919756 0.444227033694794 0.5557729663049891
333.806037057276 0.446401979924644 0.5535980200752441
334.2898139225764 0.4444932224198995 0.5555067775797254
334.7735907878768 0.4369208216036453 0.5630791783962732
335.2573676531772 0.42676572597217977 0.5732342740275185
335.7411445184776 0.4200889203355577 0.5799110796642271
336.224921383778 0.42190812809375283 0.5780918719062619
336.7086982490784 0.43287427246616494 0.5671257275337085
337.1924751143788 0.44845374512889824 0.5515462548710777
337.6762519796792 0.4608042048749161 0.5391957951249481
338.1600288449796 0.4632340796378542 0.5367659203620485
338.64380571028 0.45521458752942134 0.5447854124703599
339.1275825755804 0.4429260385065223 0.5570739614933085
339.6113594408808 0.43407220693672405 0.5659277930632123
340.0951363061812 0.432244796174569 0.5677552038253105
340.5789131714816 0.43593213906819284 0.5640678609317613
341.062690036782 0.4419519047983963 0.5580480952013639
341.5464669020824 0.44885918451689133 0.551140815483057
342.0302437673828 0.45668729121548546 0.5433127087844919
342.5140206326832 0.4647256728747554 0.5352743271251604
342.9977974979836 0.47170403930297916 0.5282959606968832
343.481574363284 0.4777478784141676 0.5222521215857818
343.9653512285844 0.4834504201679678 0.5165495798319508
344.4491280938848 0.4872908880993243 0.5127091119002718
344.9329049591852 0.4870902535199258 0.5129097464800483
345.41668182448564 0.48412726742219225 0.5158727325777759
345.90045868978603 0.48303585270017485 0.5169641472998159
346.38423555508643 0.48677482870270206 0.5132251712971185
346.86801242038683 0.4932417430478822 0.5067582569519655
347.35178928568723 0.4976584390021894 0.502341560997658
347.83556615098763 0.4970815690389474 0.5029184309608832
348.31934301628803 0.4919455191770497 0.5080544808228413
348.80311988158843 0.4848168062781233 0.5151831937216123
349.28689674688883 0.47830038964772853 0.5216996103521139
349.7706736121892 0.47295364117554123 0.5270463588244161
350.2544504774896 0.46712897188605623 0.5328710281138063
350.73822734279 0.4593672311181333 0.5406327688815775
351.2220042080904 0.45017659762589907 0.5498234023740285
351.7057810733908 0.4418643609584995 0.5581356390414979
352.1895579386912 0.4378450870343479 0.5621549129655826
352.6733348039916 0.4409241653314523 0.559075834668406
353.157111669292 0.4498635238529203 0.5501364761470285
353.6408885345924 0.4573722648415149 0.5426277351583226
354.1246653998928 0.45338988778287437 0.5466101122170735
354.6084422651932 0.4325689244573812 0.5674310755424957
355.0922191304936 0.4001370053175502 0.5998629946822303
355.575995995794 0.3705371583077321 0.629462841692191
356.0597728610944 0.35807457772190326 0.6419254222779123
356.5435497263948 0.3665215179188784 0.6334784820809851
357.0273265916952 0.38723803173430293 0.6127619682656466
357.5111034569956 0.4069389106735285 0.5930610893264536
357.994880322296 0.41698356064269454 0.5830164393572066
358.4786571875964 0.41618823062612326 0.5838117693736489
358.9624340528968 0.40741200413238177 0.5925879958673992
359.4462109181972 0.39509623843188374 0.6049037615680104
359.9299877834976 0.3856190048412551 0.6143809951587206
360.413764648798 0.38478393203731037 0.615216067962619
360.8975415140984 0.3927104544429491 0.6072895455569135
361.3813183793988 0.40361030719739466 0.596389692802549
361.8650952446992 0.41123230057402144 0.5887676994259554
362.3488721099996 0.41292005984889213 0.5870799401509587
362.8326489753 0.4094176668345976 0.5905823331652599
363.3164258406004 0.40340164726151456 0.5965983527384132
363.8002027059008 0.39797429384353356 0.60202570615622
364.2839795712012 0.39510641316459016 0.6048935868353691
364.7677564365016 0.39566428256722497 0.6043357174327465
365.251533301802 0.4004868883930743 0.5995131116067551
365.7353101671024 0.4097700391976137 0.5902299608022833
366.2190870324028 0.4219761954947804 0.5780238045050633
366.7028638977032 0.4353152216034896 0.564684778396459
367.1866407630036 0.44861917348460295 0.5513808265153423
367.670417628304 0.458101188487561 0.5418988115123705
368.1541944936044 0.45669832578280606 0.5433016742171499
368.6379713589048 0.44116227141364706 0.5588377285861372
369.1217482242052 0.4177192396273018 0.5822807603724828
369.6055250895056 0.39773249256000015 0.6022675074399533
370.089301954806 0.38897458482728414 0.6110254151725651
370.5730788201064 0.3913620461671372 0.6086379538326776
371.0568556854068 0.39870619704589594 0.6012938029539212
371.5406325507072 0.4042402960323263 0.5957597039675289
372.0244094160076 0.4060048636224313 0.5939951363773281
372.508186281308 0.4067249462159331 0.593275053783974
372.9919631466084 0.40854456082908247 0.5914554391707901
373.4757400119088 0.409644657569019 0.5903553424307111
373.9595168772092 0.4065397619126684 0.5934602380873042
374.4432937425096 0.39865649970445194 0.601343500295314
374.92707060781 0.3898844359082492 0.6101155640916953
375.41084747311044 0.3854652164440405 0.6145347835558957
375.89462433841084 0.38774664259305913 0.6122533574067359
376.37840120371123 0.3952296335022991 0.6047703664974649
376.86217806901163 0.40460427951076144 0.5953957204889765
377.34595493431203 0.4124501172881953 0.5875498827116261
377.82973179961243 0.4161392168561763 0.5838607831436905
378.31350866491283 0.41491413018211404 0.5850858698178911
378.79728553021323 0.40965732671094657 0.5903426732889802
379.28106239551363 0.40113400051884224 0.5988659994810067
379.764839260814 0.3895150597457359 0.6104849402541193
380.2486161261144 0.37609575757924146 0.6239042424207729
380.7323929914148 0.3645196186329779 0.6354803813669403
381.2161698567152 0.35891557982711253 0.6410844201728199
381.6999467220156 0.359995615990202 0.6400043840095491
382.183723587316 0.3633337626997222 0.6366662373001514
382.6675004526164 0.3628594308977314 0.6371405691020731
383.1512773179168 0.35700442852633907 0.6429955714734674
383.6350541832172 0.35076320297897723 0.6492367970208399
384.1188310485176 0.35047657746668254 0.6495234225333056
384.602607913818 0.3563266648254187 0.6436733351744502
385.0863847791184 0.36148085044169426 0.6385191495582115
385.5701616444188 0.35946654520606985 0.6405334547935785
386.0539385097192 0.35027305637966166 0.6497269436201396
386.5377153750196 0.3386656365424724 0.6613343634574809
387.02149224032 0.3296875710460562 0.6703124289538676
387.5052691056204 0.32648865862154963 0.6735113413784326
387.9890459709208 0.3292616619461326 0.6707383380538402
388.4728228362212 0.3348222789321201 0.6651777210677547
388.9565997015216 0.3388961972810172 0.6611038027189369
389.440376566822 0.3397743237071264 0.6602256762927885
389.9241534321224 0.33898681440307565 0.6610131855968835
390.4079302974228 0.33827388230849087 0.6617261176912446
390.8917071627232 0.3377116365657088 0.6622883634340843
391.3754840280236 0.33781226683491405 0.6621877331650086
391.859260893324 0.34047538569232116 0.6595246143076118
392.3430377586244 0.3455704208831231 0.6544295791167241
392.8268146239248 0.3492015552210539 0.6507984447789126
393.3105914892252 0.3477365874658426 0.652263412534127
393.7943683545256 0.3421259207497006 0.657874079250288
394.278145219826 0.3372663103843779 0.6627336896152995
394.7619220851264 0.3379417631268119 0.6620582368730834
395.2456989504268 0.34512153879824153 0.6548784612017082
395.7294758157272 0.3551346179048854 0.6448653820950393
396.2132526810276 0.36265104258126085 0.6373489574185394
396.697029546328 0.36471675852746865 0.6352832414723807
397.1808064116284 0.3617069086529102 0.6382930913468793
397.6645832769288 0.3551803126870869 0.6448196873127899
398.1483601422292 0.3460039656133713 0.6539960343865846
398.6321370075296 0.3343526970323518 0.6656473029674521
399.11591387283 0.32069527749611404 0.6793047225037571
399.5996907381304 0.30701568439202054 0.6929843156077142
400.0834676034308 0.2976260705950534 0.7023739294048329
400.5672444687312 0.2977657892396669 0.7022342107602659
401.0510213340316 0.3101767909250593 0.6898232090749015
401.534798199332 0.33283905326592134 0.6671609467340195
402.0185750646324 0.35881319600083794 0.6411868039988914
402.5023519299328 0.3777915102859984 0.6222084897138408
402.9861287952332 0.38087718518587926 0.6191228148138905
403.4699056605336 0.36686594597912875 0.6331340540207082
403.953682525834 0.3439796790723663 0.6560203209276068
404.4374593911344 0.32440591331090646 0.6755940866890419
404.9212362564348 0.3153115792981919 0.684688420701722
405.40501312173524 0.3138155384486375 0.6861844615513766
405.88878998703564 0.3118549720407957 0.6881450279591345
406.37256685233604 0.30599933474278285 0.6940006652570427
406.85634371763643 0.30075220449357987 0.6992477955063359
407.34012058293683 0.30317393890255223 0.6968260610973345
407.82389744823723 0.3163494896445827 0.6836505103553558
408.30767431353763 0.3374546552866713 0.6625453447132827
408.79145117883803 0.3596558434302476 0.6403441565696515
409.27522804413843 0.37490686064723144 0.6250931393525128
409.75900490943883 0.37769996207931344 0.6223000379205207
410.2427817747392 0.369029182900055 0.6309708170999403
410.7265586400396 0.3555781588963273 0.6444218411033691
411.21033550534 0.34357033749862553 0.6564296625013046
411.6941123706404 0.33448018401314794 0.6655198159867303
412.1778892359408 0.32671960334488587 0.6732803966548979
412.6616661012412 0.31951521951261197 0.6804847804873473
413.1454429665416 0.3140814695608312 0.685918530439092
413.629219831842 0.31143670696307213 0.6885632930369098
414.1129966971424 0.31076628320069083 0.6892337167989656
414.5967735624428 0.31101700990693526 0.6889829900929206
415.0805504277432 0.3126955624612572 0.6873044375387636
415.5643272930436 0.3168498385405974 0.6831501614593091
416.048104158344 0.3236561442140623 0.6763438557857971
416.5318810236444 0.3324745171551347 0.6675254828448467
417.0156578889448 0.341443218584215 0.6585567814158196
417.4994347542452 0.34707986636824883 0.6529201336315135
417.9832116195456 0.34690248559857895 0.6530975144010688
418.466988484846 0.343206265136479 0.6567937348628237
418.9507653501464 0.34195073172016865 0.6580492682796847
419.4345422154468 0.3466851928155383 0.6533148071844327
419.9183190807472 0.355475227817184 0.6445247721825003
420.4020959460476 0.36471808896028285 0.6352819110395954
420.885872811348 0.37349338684553895 0.6265066131544101
421.3696496766484 0.3827982020879568 0.6172017979119221
421.8534265419488 0.39257149854185985 0.6074285014581412
422.3372034072492 0.40067290953339796 0.599327090466381
422.8209802725496 0.40346653642793084 0.5965334635719722
423.30475713785 0.3977203695753403 0.6022796304245724
423.7885340031504 0.3838083312000051 0.6161916687999559
424.2723108684508 0.3667934502275294 0.6332065497722587
424.7560877337512 0.35256306467351023 0.6474369353263831
425.2398645990516 0.3428363163158356 0.6571636836840912
425.723641464352 0.334987825226838 0.665012174773044
426.2074183296524 0.3262624147827661 0.673737585217161
426.6911951949528 0.3173558709294384 0.6826441290704977
427.1749720602532 0.3119976566366448 0.6880023433633335
427.6587489255536 0.31313705267930414 0.6868629473205301
428.142525790854 0.3198563225294079 0.6801436774704409
428.6263026561544 0.3282603819894836 0.6717396180103583
429.1100795214548 0.3346798736262652 0.6653201263734793
429.5938563867552 0.33748885617148844 0.6625111438283066
430.0776332520556 0.3365310955357822 0.663468904463957
430.561410117356 0.33235376271543415 0.6676462372844629
431.0451869826564 0.3261265419093168 0.6738734580906133
431.5289638479568 0.3186917357688444 0.6813082642310592
432.0127407132572 0.309822909895692 0.6901770901039602
432.4965175785576 0.29999194700145504 0.7000080529983365
432.980294443858 0.29189746749468837 0.7081025325052437
433.4640713091584 0.2882003737792499 0.7117996262207457
433.9478481744588 0.28837028019770444 0.7116297198020611
434.4316250397592 0.28942675092551307 0.7105732490743554
434.9154019050596 0.28938114449778896 0.7106188555021332
435.39917877036004 0.288896536632409 0.711103463367415
435.88295563566044 0.2898104525770767 0.710189547422795
436.36673250096084 0.2930293531131959 0.706970646886399
436.85050936626124 0.2981022521468655 0.7018977478530514
437.33428623156163 0.30423615637873563 0.6957638436212452
437.81806309686203 0.3112622679456937 0.6887377320542146
438.30183996216243 0.3188974475800514 0.6811025524196909
438.78561682746283 0.3245039605520996 0.6754960394477869
439.26939369276323 0.32328557023111737 0.6767144297687409
439.75317055806363 0.3134373495538389 0.6865626504460145
440.23694742336403 0.3003915070952311 0.6996084929047566
440.7207242886644 0.29232246051552124 0.7076775394840326
441.2045011539648 0.2911670735616321 0.7088329264383609
441.6882780192652 0.2914271844212401 0.7085728155786262
442.1720548845656 0.28791545521720835 0.7120845447826111
442.655831749866 0.2817220278011294 0.7182779721988497
443.1396086151664 0.2782989928410496 0.7217010071587657
443.6233854804668 0.281600324753143 0.7183996752468406
444.1071623457672 0.2902126233535458 0.7097873766464261
444.5909392110676 0.29857375476556913 0.7014262452343328
445.074716076368 0.30264387891799693 0.6973561210820189
445.5584929416684 0.30400542901255095 0.6959945709871068
446.0422698069688 0.30622049176649074 0.6937795082334312
446.5260466722692 0.3080469377353839 0.6919530622644527
447.0098235375696 0.30381608249405034 0.69618391750596
447.49360040287 0.2904180480050428 0.7095819519948668
447.9773772681704 0.27151132689585367 0.7284886731040885
448.4611541334708 0.25517844154346486 0.7448215584565085
448.9449309987712 0.24793410173997346 0.7520658982599538
449.4287078640716 0.24965181268882175 0.7503481873111824
449.912484729372 0.2536965504816684 0.7463034495183112
450.3962615946724 0.25310576216791275 0.746894237832059
450.8800384599728 0.24760563743229233 0.752394362567615
451.3638153252732 0.2443326134916628 0.7556673865082338
451.8475921905736 0.25075009653314256 0.7492499034665656
452.331369055874 0.2664227869909444 0.7335772130090157
452.8151459211744 0.2824655535594293 0.7175344464404785
453.2989227864748 0.2894216993874231 0.7105783006124081
453.7826996517752 0.28509793210317724 0.7149020678968142
454.2664765170756 0.27493814853551846 0.7250618514644079
454.750253382376 0.2663060525191057 0.7336939474804252
455.2340302476764 0.2629682987518219 0.7370317012479188
455.7178071129768 0.26366594624982925 0.7363340537500466
456.2015839782772 0.26466050777343947 0.7353394922265091
456.6853608435776 0.2639194272180706 0.7360805727818805
457.169137708878 0.26284622214812214 0.7371537778517702
457.6529145741784 0.263314593694482 0.7366854063052495
458.1366914394788 0.26433983996521176 0.7356601600348056
458.6204683047792 0.26358906093707163 0.7364109390629132
459.1042451700796 0.2614273776616353 0.738572622338008
459.58802203538 0.26199348293176516 0.7380065170681555
460.0717989006804 0.27017970740664354 0.7298202925932414
460.5555757659808 0.28690071596060507 0.7130992840391768
461.0393526312812 0.30670435756993997 0.693295642430018
461.5231294965816 0.3208116136575101 0.679188386342356
462.006906361882 0.3231832716082129 0.6768167283916612
462.4906832271824 0.31462472157913507 0.6853752784208096
462.9744600924828 0.3027572392323609 0.697242760767558
463.4582369577832 0.2974558629101377 0.7025441370898685
463.9420138230836 0.303692731831836 0.6963072681678161
464.425790688384 0.31854502848924454 0.6814549715103
464.9095675536844 0.3361224024197682 0.663877597580096
465.39334441898484 0.35304384037304837 0.6469561596269173
465.87712128428524 0.36707099327534415 0.6329290067245573
466.36089814958564 0.3745396499863577 0.6254603500135515
466.84467501488604 0.37334127284160573 0.6266587271583643
467.32845188018644 0.36604906722122094 0.6339509327786131
467.81222874548683 0.3569836890953551 0.6430163109045247
468.29600561078723 0.34766711733324845 0.6523328826662755
468.77978247608763 0.33717466928542433 0.6628253307142722
469.26355934138803 0.3253408555132161 0.6746591444866381
469.74733620668843 0.3134203477028666 0.6865796522971622
470.23111307198883 0.30237749471548214 0.6976225052844541
470.71488993728923 0.29281203301586156 0.7071879669841087
471.1986668025896 0.286926658656306 0.7130733413436257
471.68244366789 0.28838532626347163 0.7116146737363829
472.1662205331904 0.298557200697825 0.7014427993021661
472.6499973984908 0.3134649681416559 0.6865350318581175
473.1337742637912 0.32550013844791237 0.6744998615520018
473.6175511290916 0.328731355045732 0.6712686449542209
474.101327994392 0.3230911272985536 0.6769088727011121
474.5851048596924 0.31401215665798227 0.6859878433420237
475.0688817249928 0.30835323422348093 0.6916467657764266
475.5526585902932 0.30969127231572724 0.690308727684261
476.0364354555936 0.3157713880733134 0.6842286119264431
476.520212320894 0.3202614251688559 0.6797385748311476
477.0039891861944 0.3179262018606051 0.6820737981393
477.4877660514948 0.3090398755453971 0.6909601244545578
477.9715429167952 0.2989312378260982 0.7010687621738617
478.4553197820956 0.29258897866986683 0.7074110213300877
478.939096647396 0.2901583660013948 0.709841633998613
479.4228735126964 0.289007838983264 0.7109921610166928
479.9066503779968 0.2886630686045923 0.711336931395371
480.3904272432972 0.2908021134397137 0.7091978865601907
480.8742041085976 0.29523644030270296 0.7047635596970055
481.357980973898 0.29947209333180114 0.7005279066679381
481.8417578391984 0.3025106797710165 0.6974893202288283
482.3255347044988 0.3060905729116713 0.6939094270883368
482.8093115697992 0.3119094761199521 0.6880905238797689
483.2930884350996 0.32017439413220294 0.679825605867744
483.7768653004 0.3305665542957448 0.6694334457041932
