0 1 0 -1 0.0
0.016666666666666666 0.9998611111111111 -0.01666550925925926 -0.9998611111111111 9.644391951724174e-09
0.03333333333333333 0.9994444830246914 -0.033326389210390946 -0.9994444830246914 3.8566852489374526e-08
0.05 0.9987502314707647 -0.049978011831186414 -0.9987502314707647 8.673524787283782e-08
0.06666666666666667 0.9977785492969851 -0.06661575167091767 -0.9977785492969851 1.5409606130001308e-07
0.08333333333333333 0.9965297064150674 -0.08323498713518478 -0.9965297064150674 2.4057445258129917e-07
0.09999999999999999 0.9950040497258122 -0.09983110176969211 -0.9950040497258122 3.460743413508105e-07
0.11666666666666665 0.9932020030227443 -0.11639948554259674 -0.9932020030227443 4.7047851375880967e-07
0.13333333333333333 0.9911240668743924 -0.1329355361250729 -0.9911240668743924 6.136487522012679e-07
0.15 0.988770818485242 -0.1494346601697365 -0.988770818485242 7.754259900294436e-07
0.16666666666666666 0.9861429115354011 -0.16589227458657518 -0.9861429115354011 9.556304871871646e-07
0.18333333333333332 0.9832410759990228 -0.1823038078160287 -0.9832410759990228 1.1540620301619953e-06
0.19999999999999998 0.9800661179415335 -0.19866470109886666 -0.9800661179415335 1.3705001550290419e-06
0.21666666666666665 0.9766189192957272 -0.2149704097425105 -0.9766189192957272 1.6047043915334847e-06
0.2333333333333333 0.9729004376167831 -0.23121640438344807 -0.9729004376167831 1.8564145308208602e-06
0.24999999999999997 0.9689117058162788 -0.24739817224539024 -0.9689117058162788 2.1253509144836258e-06
0.26666666666666666 0.9646538318752701 -0.26351121839281977 -0.9646538318752701 2.4112147449240062e-06
0.2833333333333333 0.9601279985365182 -0.27955106697958465 -0.9601279985365182 2.713688417754767e-06
0.3 0.9553354629759506 -0.29551326249218857 -0.9553354629759506 3.0324358744615587e-06
0.31666666666666665 0.9502775564534452 -0.3113933709874335 -0.9502775564534452 3.3671029758819415e-06
0.3333333333333333 0.9449556839430362 -0.32718698132407087 -0.9449556839430362 3.7173178953908703e-06
0.35 0.9393713237426429 -0.3428897063881182 -0.9393713237426429 4.08269153240326e-06
0.36666666666666664 0.9335260270634322 -0.3584971843115022 -0.9335260270634322 4.462817944417274e-06
0.3833333333333333 0.9274214175989262 -0.3740050796836885 -0.9274214175989262 4.8572747980424325e-06
0.39999999999999997 0.9210591910739759 -0.3894090847559627 -0.9210591910739759 5.265623838290878e-06
0.41666666666666663 0.9144411147737274 -0.4047049206380269 -0.9144411147737274 5.687411375576712e-06
0.4333333333333333 0.9075690270527084 -0.4198883384865805 -0.9075690270527084 6.122168789535198e-06
0.44999999999999996 0.9004448368241748 -0.4349551206855546 -0.9004448368241748 6.56941304993941e-06
0.4666666666666666 0.8930705230298566 -0.44990108201767154 -0.8930705230298566 7.028647253437548e-06
0.4833333333333333 0.8854481340902524 -0.4647220708270058 -0.8854481340902524 7.499361174945207e-06
0.49999999999999994 0.877579787335623 -0.4794139701722214 -0.877579787335623 7.981031835524455e-06
0.5166666666666666 0.869467668417845 -0.493972698970167 -0.869467668417845 8.47312408258638e-06
0.5333333333333333 0.8611140307032842 -0.5083942131295097 -0.8611140307032842 8.97509118497064e-06
0.55 0.8525211946468614 -0.5226745066740943 -0.8525211946468614 9.486375440181938e-06
0.5666666666666668 0.8436915471474811 -0.5368096128557139 -0.8436915471474811 1.0006408794116517e-05
0.5833333333333335 0.8346275408850042 -0.5507956052559847 -0.8346275408850042 1.0534613472001908e-05
0.6000000000000002 0.8253316936389482 -0.5646285988770177 -0.8253316936389482 1.1070402620605435e-05
0.6166666666666669 0.8158065875891036 -0.5783047512205848 -0.8158065875891036 1.1613180959879621e-05
0.6333333333333336 0.806054868598262 -0.5918202633554794 -0.806054868598262 1.2162345444766132e-05
0.6500000000000004 0.7960792454772543 -0.6051713809727753 -0.7960792454772543 1.2717285934771283e-05
0.6666666666666671 0.7858824892325028 -0.61835439542869 -0.7858824892325028 1.3277385872201286e-05
0.6833333333333338 0.7754674322962979 -0.6313656447747633 -0.7754674322962979 1.3842022967058831e-05
0.7000000000000005 0.7648369677400106 -0.6442015147750659 -0.7648369677400106 1.4410569888267943e-05
0.7166666666666672 0.7539940484704624 -0.6568584399101532 -0.7539940484704624 1.4982394960783019e-05
0.733333333333334 0.7429416864096723 -0.6693329043674877 -0.7429416864096723 1.555686286791591e-05
0.7500000000000007 0.7316829516582128 -0.6816214430180535 -0.7316829516582128 1.613333535588346e-05
0.7666666666666674 0.7202209716424038 -0.693720642378892 -0.7202209716424038 1.671117194457228e-05
0.7833333333333341 0.708558930245583 -0.7056271415612918 -0.708558930245583 1.7289730637803924e-05
0.8000000000000008 0.696700066923694 -0.717337633204369 -0.696700066923694 1.78683686371528e-05
0.8166666666666675 0.6846476758054374 -0.7288488643937784 -0.6846476758054374 1.8446443056152617e-05
0.8333333333333343 0.6724051047772348 -0.7401576375653006 -0.6724051047772348 1.9023311634502882e-05
0.850000000000001 0.6599757545532607 -0.7512608113930548 -0.6599757545532607 1.9598333451553707e-05
0.8666666666666677 0.6473630777307997 -0.7621553016620887 -0.6473630777307997 2.01708696385694e-05
0.8833333333333344 0.6345705778311912 -0.7728380821251053 -0.6345705778311912 2.0740284088549554e-05
0.9000000000000011 0.6216018083266296 -0.7833061853430872 -0.6216018083266296 2.1305944162608448e-05
0.9166666666666679 0.6084603716530883 -0.7935567035095848 -0.6084603716530883 2.1867221393190306e-05
0.9333333333333346 0.5951499182096434 -0.803586789258441 -0.5951499182096434 2.2423492182399585e-05
0.9500000000000013 0.5816741453444736 -0.8133936564547253 -0.5816741453444736 2.2974138494280538e-05
0.966666666666668 0.5680367963278192 -0.822974580968661 -0.5680367963278192 2.3518548542211803e-05
0.9833333333333347 0.5542416593121849 -0.8323269014323277 -0.5542416593121849 2.4056117468140847e-05
1.0000000000000013 0.540292566280075 -0.8414480199789298 -0.540292566280075 2.4586248014601964e-05
1.016666666666668 0.526193391979554 -0.8503354029644268 -0.526193391979554 2.5108351188685152e-05
1.0333333333333345 0.5119480528479274 -0.8589865816713225 -0.5119480528479274 2.5621846916068503e-05
1.0500000000000012 0.4975605059238432 -0.8673991529944205 -0.4975605059238432 2.6126164685558173e-05
1.0666666666666678 0.48303474774811345 -0.8755707801083534 -0.48303474774811345 2.6620744182914713e-05
1.0833333333333344 0.4683748132535648 -0.8834991931167008 -0.4683748132535648 2.7105035913521647e-05
1.100000000000001 0.4535847746442234 -0.8911821896825157 -0.4535847746442234 2.7578501812786094e-05
1.1166666666666676 0.4386687402641476 -0.8986176356400855 -0.4386687402641476 2.804061584421591e-05
1.1333333333333342 0.4236308534562206 -0.9058034655877552 -0.4236308534562206 2.849086458334149e-05
1.1500000000000008 0.4084752914112224 -0.9127376834616505 -0.4084752914112224 2.8928747788425913e-05
1.1666666666666674 0.3932062640074989 -0.9194183630901399 -0.3932062640074989 2.9353778956353604e-05
1.183333333333334 0.3778280126415511 -0.925843648728882 -0.3778280126415511 2.9765485863197938e-05
1.2000000000000006 0.3623448090498695 -0.9320117555763106 -0.3623448090498695 3.0163411088635073e-05
1.2166666666666672 0.3467609541223407 -0.9379209702694123 -0.3467609541223407 3.054711252398201e-05
1.2333333333333338 0.33108077670755576 -0.9435696513596615 -0.33108077670755576 3.091616386419194e-05
1.2500000000000004 0.315308632410352 -0.9489562297689774 -0.315308632410352 3.127015508064268e-05
1.266666666666667 0.2994489023819232 -0.9540792092255796 -0.2994489023819232 3.1608692877049815e-05
1.2833333333333337 0.28350599210283267 -0.9589371666796193 -0.28350599210283267 3.193140112633941e-05
1.3000000000000003 0.2674843301592692 -0.9635287526984702 -0.2674843301592692 3.223792128870251e-05
1.3166666666666669 0.2513883670128837 -0.9678526918415715 -0.2513883670128837 3.252791280983214e-05
1.3333333333333335 0.23522257376455016 -0.9719077830147168 -0.23522257376455016 3.2801053499453836e-05
1.35 0.21899144091239314 -0.9756928998036913 -0.21899144091239314 3.3057039888872986e-05
1.3666666666666667 0.20269947710442712 -0.9792069907871649 -0.20269947710442712 3.329558756848261e-05
1.3833333333333333 0.1863512078861543 -0.9824490798287531 -0.1863512078861543 3.351643150384387e-05
1.4 0.1699511744434687 -0.9854182663481665 -0.1699511744434687 3.371932632978414e-05
1.4166666666666665 0.15350393234121543 -0.9881137255713722 -0.15350393234121543 3.390404662317881e-05
1.4333333333333331 0.1370140502577563 -0.9905347087596971 -0.1370140502577563 3.4070387153584125e-05
1.4499999999999997 0.1204861087158922 -0.9926805434178109 -0.1204861087158922 3.4218163110943944e-05
1.4666666666666663 0.10392469881049593 -0.9945506334805307 -0.10392469881049593 3.434721031136956e-05
1.483333333333333 0.08733442093320785 -0.9961444594783949 -0.08733442093320785 3.44573853788277e-05
1.4999999999999996 0.07071988349454944 -0.9974615786819596 -0.07071988349454944 3.4548565905123674e-05
1.5166666666666662 0.0540857016438092 -0.9985016252247794 -0.0540857016438092 3.462065058557062e-05
1.5333333333333328 0.03743649598705679 -0.9992643102050366 -0.03743649598705679 3.467355933173266e-05
1.5499999999999994 0.020776891303641312 -0.9997494217657924 -0.020776891303641312 3.470723336024273e-05
1.566666666666666 0.004111515261530377 -0.9999568251538355 -0.004111515261530377 3.472163525786165e-05
1.5833333333333326 -0.012555002868153205 -0.9998864627571137 0.012555002868153205 3.471674902388866e-05
1.5999999999999992 -0.029218033497040077 -0.9995383541207371 0.029218033497040077 3.469258008687026e-05
1.6166666666666658 -0.0458729480055111 -0.9989125959415492 0.0458729480055111 3.4649155299437684e-05
1.6333333333333324 -0.06251512002842505 -0.9980093620412664 0.06251512002842505 3.4586522907997796e-05
1.649999999999999 -0.07913992674021998 -0.9968289033181944 0.07913992674021998 3.450475249922036e-05
1.6666666666666656 -0.09574275013903152 -0.995371547677534 0.09574275013903152 3.440393492282201e-05
1.6833333333333322 -0.11231897832947112 -0.9936376999402965 0.11231897832947112 3.428418219053597e-05
1.6999999999999988 -0.12886400680370808 -0.9916278417308534 0.12886400680370808 3.414562735171156e-05
1.7166666666666655 -0.14537323972049956 -0.9893425313431518 0.14537323972049956 3.398842434548799e-05
1.733333333333332 -0.16184209118181314 -0.9867824035856325 0.16184209118181314 3.381274782976451e-05
1.7499999999999987 -0.17826598650668732 -0.983948169604895 0.17826598650668732 3.361879298718895e-05
1.7666666666666653 -0.1946403635019763 -0.980840616688156 0.1946403635019763 3.3406775308164605e-05
1.7833333333333319 -0.21096067372962585 -0.9774606080445594 0.21096067372962585 3.3176930351319633e-05
1.7999999999999985 -0.22722238377012827 -0.9738090825653948 0.22722238377012827 3.29295134823826e-05
1.816666666666665 -0.24342097648180566 -0.9698870545632954 0.24342097648180566 3.266479958974333e-05
1.8333333333333317 -0.2595519522555714 -0.9656956134904839 0.2595519522555714 3.2383082779696704e-05
1.8499999999999983 -0.27561083026482175 -0.9612359236361473 0.27561083026482175 3.20846760492044e-05
1.866666666666665 -0.29159314971010963 -0.9565092238030228 0.29159314971010963 3.176991093817305e-05
1.8833333333333315 -0.30749447105825584 -0.9515168269632864 0.30749447105825584 3.143913716135982e-05
1.8999999999999981 -0.3233103772755525 -0.946260119893838 0.3233103772755525 3.109272221968329e-05
1.9166666666666647 -0.33903647505471707 -0.9407405627910856 0.33903647505471707 3.0731050991827935e-05
1.9333333333333313 -0.35466839603525535 -0.9349596888653359 0.35466839603525535 3.0354525306808267e-05
1.949999999999998 -0.37020179801689496 -0.9289191039149013 0.37020179801689496 2.996356349749263e-05
1.9666666666666646 -0.3856323661657521 -0.9226204858800459 0.3856323661657521 2.9558599935697316e-05
1.9833333333333312 -0.4009558142128965 -0.9160655843768905 0.4009558142128965 2.9140084549683642e-05
1.9999999999999978 -0.41616788564498175 -0.9092562202114082 0.41616788564498175 2.8708482324280027e-05
2.0166666666666644 -0.4312643548866101 -0.902194284873645 0.4312643548866101 2.8264272784239708e-05
2.033333333333331 -0.44624102847410324 -0.8948817400123057 0.44624102847410324 2.7807949461333692e-05
2.0499999999999976 -0.4610937462203536 -0.8873206168898519 0.4610937462203536 2.734001934645569e-05
2.066666666666664 -0.4758183823704316 -0.879513015818262 0.4758183823704316 2.6861002325628824e-05
2.083333333333331 -0.49041084674762897 -0.8714611055756115 0.49041084674762897 2.637143060324476e-05
2.0999999999999974 -0.5048670858896187 -0.8631671228036344 0.5048670858896187 2.5871848109981777e-05
2.116666666666664 -0.5191830841744168 -0.8546333713864341 0.5191830841744168 2.536280989889894e-05
2.1333333333333306 -0.5333548649358332 -0.8458622218105154 0.5333548649358332 2.484488152876274e-05
2.1499999999999972 -0.5473784915681007 -0.8368561105063159 0.5473784915681007 2.4318638435716355e-05
2.166666666666664 -0.5612500686193771 -0.8276175391714202 0.5612500686193771 2.3784665293624663e-05
2.1833333333333305 -0.5749657428738147 -0.8181490740756435 0.5749657428738147 2.3243555364760304e-05
2.199999999999997 -0.5885217044218986 -0.8084533453481791 0.5885217044218986 2.2695909840608763e-05
2.2166666666666637 -0.601914187718754 -0.7985330462470069 0.601914187718754 2.2142337174013704e-05
2.2333333333333303 -0.6151394726301321 -0.7883909324107662 0.6151394726301321 2.1583452402829106e-05
2.249999999999997 -0.6281938854657796 -0.7780298210933003 0.6281938854657796 2.1019876467076593e-05
2.2666666666666635 -0.6410737999999088 -0.7674525903810863 0.6410737999999088 2.0452235518775286e-05
2.28333333333333 -0.6537756384784824 -0.7566621783937663 0.6537756384784824 1.9881160226442596e-05
2.2999999999999967 -0.6662958726130342 -0.7456615824680036 0.6662958726130342 1.9307285073932867e-05
2.3166666666666633 -0.6786310245607492 -0.7344538583248889 0.6786310245607492 1.873124765594536e-05
2.33333333333333 -0.6907776678905305 -0.7230421192211283 0.6907776678905305 1.8153687969868493e-05
2.3499999999999965 -0.7027324285347868 -0.7114295350842507 0.7027324285347868 1.7575247703849328e-05
2.366666666666663 -0.7144919857266723 -0.6996193316320719 0.7144919857266723 1.699656952486306e-05
2.3833333333333298 -0.7260530729225225 -0.687614789476662 0.7260530729225225 1.6418296364006935e-05
2.3999999999999964 -0.7374124787092277 -0.675419243213064 0.7374124787092277 1.5841070702404814e-05
2.416666666666663 -0.7485670476962913 -0.663036080493018 0.7485670476962913 1.5265533857222735e-05
2.4333333333333296 -0.7595136813923282 -0.6504687410839461 0.7595136813923282 1.4692325269627382e-05
2.449999999999996 -0.7702493390657562 -0.637720715913462 0.7702493390657562 1.4122081793632724e-05
2.466666666666663 -0.7807710385894436 -0.6247955460996686 0.7807710385894436 1.3555436989221015e-05
2.4833333333333294 -0.7910758572690785 -0.6116968219675142 0.7910758572690785 1.2993020417906287e-05
2.499999999999996 -0.8011609326550274 -0.59842818205148 0.8011609326550274 1.2435456943737933e-05
2.5166666666666626 -0.8110234633374611 -0.5849933120848759 0.8110234633374611 1.1883366038412113e-05
2.533333333333329 -0.8206607097245233 -0.5713959439760261 0.8206607097245233 1.1337361093821663e-05
2.549999999999996 -0.8300699948033287 -0.5576398547716274 0.8300699948033287 1.0798048740157107e-05
2.5666666666666624 -0.8392487048835775 -0.5437288656075698 0.8392487048835775 1.0266028171557195e-05
2.583333333333329 -0.848194290323581 -0.5296668406475102 0.848194290323581 9.741890480863269e-06
2.5999999999999956 -0.8569042662384945 -0.5154576860094929 0.8569042662384945 9.226218003199893e-06
2.6166666666666623 -0.865376213190564 -0.5011053486809174 0.865376213190564 8.71958366788217e-06
2.633333333333329 -0.8736077778611917 -0.48661381542215276 0.8736077778611917 8.222550362924075e-06
2.6499999999999955 -0.8815966737046358 -0.47198711165910423 0.8815966737046358 7.735670309094722e-06
2.666666666666662 -0.8893406815831619 -0.4572293003650393 0.8893406815831619 7.259484446853204e-06
2.6833333333333287 -0.8968376503834705 -0.44234448093198403 0.8968376503834705 6.7945218347742475e-06
2.6999999999999953 -0.9040854976142281 -0.4273367880320032 0.9040854976142281 6.341299062184724e-06
2.716666666666662 -0.9110822099845373 -0.41221039046868013 0.9110822099845373 5.900319674900789e-06
2.7333333333333285 -0.9178258439631841 -0.39696949001911574 0.9178258439631841 5.472073616008544e-06
2.749999999999995 -0.9243145263185079 -0.3816183202667683 0.9243145263185079 5.057036681355154e-06
2.7666666666666617 -0.9305464546387431 -0.36616114542545786 0.9305464546387431 4.655669991193712e-06
2.7833333333333283 -0.9365198978326897 -0.3506022591548626 0.9365198978326897 4.268419477482244e-06
2.799999999999995 -0.9422331966105718 -0.33494598336783543 0.9422331966105718 3.895715388613219e-06
2.8166666666666615 -0.9476847639449509 -0.31919666702987276 0.9476847639449509 3.5379718116290704e-06
2.833333333333328 -0.9528730855115676 -0.30335868495106844 0.9528730855115676 3.195586211646173e-06
2.8499999999999948 -0.9577967201099865 -0.2874364365708888 0.9577967201099865 2.868938990818748e-06
2.8666666666666614 -0.9624543000639305 -0.27143434473610617 0.9624543000639305 2.5583930651773557e-06
2.883333333333328 -0.9668445316011901 -0.25535685447223017 0.9668445316011901 2.2642934617844723e-06
2.8999999999999946 -0.9709661952130049 -0.23920843174877857 0.9709661952130049 1.98696693542999e-06
2.916666666666661 -0.974818145992816 -0.22299356223873007 0.974818145992816 1.7267216052552214e-06
2.933333333333328 -0.9783993139542958 -0.20671675007250415 0.9783993139542958 1.4838466125821625e-06
2.9499999999999944 -0.9817087043285662 -0.19038251658681365 0.9817087043285662 1.2586117997259727e-06
2.966666666666661 -0.984745397840523 -0.1739953990687379 0.984745397840523 1.051267410401291e-06
2.9833333333333276 -0.9875085509641908 -0.15755994949536528 0.9875085509641908 8.620438111117679e-07
2.9999999999999942 -0.9899973961570352 -0.14108073326935505 0.9899973961570352 6.911512356877481e-07
3.016666666666661 -0.9922112420731694 -0.12456232795077 0.9922112420731694 5.387795516953453e-07
3.0333333333333274 -0.9941494737553942 -0.10800932198553198 0.9941494737553942 4.050980492165124e-07
3.049999999999994 -0.9958115528060204 -0.09142631343085353 0.9958115528060204 2.902552528882829e-07
3.0666666666666607 -0.9971970175364226 -0.07481790867799984 0.9971970175364226 1.9437875703465224e-07
3.0833333333333273 -0.998305483095287 -0.058188721172735595 0.998305483095287 1.1757508361354141e-07
3.099999999999994 -0.9991366415755139 -0.04154337013381225 0.9991366415755139 5.992956408906736e-08
3.1166666666666605 -0.9996902620997474 -0.024886479269851734 0.9996902620997474 2.1506244729518897e-08
3.133333333333327 -0.9999661908845089 -0.008222675494982932 0.9999661908845089 2.3478150534828046e-09
3.1499999999999937 -0.9999643512829135 0.008443412356412255 0.9999643512829135 2.4755608118987027e-09
3.1666666666666603 -0.9996847438059617 0.025107154815486216 0.9996847438059617 2.188933995173059e-08
3.183333333333327 -0.9991274461223972 0.041763923064889207 0.9991274461223972 6.05675831155672e-08
3.1999999999999935 -0.9982926130371321 0.05840909022455195 0.9982926130371321 1.1846731745590589e-07
3.21666666666666 -0.9971804764482456 0.0750380326369301 0.9971804764482456 1.955242144302538e-07
3.2333333333333267 -0.9957913452825679 0.09164613115135355 0.9957913452825679 2.9165266129949075e-07
3.2499999999999933 -0.9941256054098672 0.10822877240712384 0.9941256054098672 4.067458560519377e-07
3.26666666666666 -0.9921837195356638 0.12478135011500326 0.9921837195356638 5.406759261417093e-07
3.2833333333333266 -0.9899662270727004 0.14129926633673962 0.9899662270727004 6.932940708193058e-07
3.299999999999993 -0.9874737439911058 0.1577779327622713 0.9874737439911058 8.644307261662654e-07
3.3166666666666598 -0.9847069626472914 0.17421277198425797 0.9847069626472914 1.0538957533889892e-06
3.3333333333333264 -0.9816666515916306 0.19059921876958233 0.9816666515916306 1.2614786505382725e-06
3.349999999999993 -0.978353655354972 0.2069327213274707 0.978353655354972 1.4869487860447173e-06
3.3666666666666596 -0.9747688942140482 0.2232087425738792 0.9747688942140482 1.7300556546806511e-06
3.383333333333326 -0.9709133639358427 0.23942276139179497 0.9709133639358427 1.9905291567257066e-06
3.399999999999993 -0.9667881355009884 0.2555702738871019 0.9667881355009884 2.268079897116415e-06
3.4166666666666594 -0.9623943548062727 0.2716467946396624 0.9623943548062727 2.5623995076329287e-06
3.433333333333326 -0.957733242346333 0.28764785794926745 0.957733242346333 2.8731609891807786e-06
3.4499999999999926 -0.9528060928746304 0.30356901907610884 0.9528060928746304 3.200019075166871e-06
3.4666666666666592 -0.9476142750437959 0.31940585547542905 0.9476142750437959 3.5426106152480763e-06
3.483333333333326 -0.9421592310254494 0.33515396802600605 0.9421592310254494 3.900554978397697e-06
3.4999999999999925 -0.9364424761095957 0.3508089822521314 0.9364424761095957 4.273454476511063e-06
3.516666666666659 -0.9304655982837117 0.3663665495387423 0.9304655982837117 4.660894805386118e-06
3.5333333333333257 -0.9242302577916377 0.38182234833937023 0.9242302577916377 5.06244550579904e-06
3.5499999999999923 -0.9177381866723994 0.39717208537657056 0.9177381866723994 5.477660441177701e-06
3.566666666666659 -0.9109911882790853 0.4124114968344996 0.9109911882790853 5.906078293815842e-06
3.5833333333333255 -0.903991136777916 0.427536349543308 0.903991136777916 6.347223076796915e-06
3.599999999999992 -0.8967399766276417 0.442542442155021 0.8967399766276417 6.8006046632929085e-06
3.6166666666666587 -0.8892397220394153 0.45742560631057977 0.8892397220394153 7.265719331017717e-06
3.6333333333333253 -0.881492456417289 0.47218170779771895 0.881492456417289 7.742050321668525e-06
3.649999999999992 -0.8735003317794913 0.4868066476993588 0.8735003317794913 8.229068415521734e-06
3.6666666666666585 -0.8652655681606437 0.5012963635321932 0.8652655681606437 8.72623251879645e-06
3.683333333333325 -0.8567904529950848 0.5156468303751576 0.8567904529950848 9.23299026545088e-06
3.6999999999999917 -0.8480773404814718 0.5298540619874622 0.8480773404814718 9.748778630136457e-06
3.7166666666666583 -0.839128650928836 0.5439141119158815 0.839128650928836 1.027302455480772e-05
3.733333333333325 -0.8299468700842757 0.5578230745909908 0.8299468700842757 1.080514558415846e-05
3.7499999999999916 -0.8205345484424698 0.5715770864120471 0.8205345484424698 1.1344550513769924e-05
3.766666666666658 -0.8108943005372076 0.585172326820211 0.8108943005372076 1.1890640046474665e-05
3.7833333333333248 -0.8010288042151295 0.5986050193598138 0.8010288042151295 1.2442807458379335e-05
3.7999999999999914 -0.7909407998918805 0.6118714327273722 0.7909407998918805 1.3000439272548014e-05
3.816666666666658 -0.7806330897908837 0.6249678818080618 0.7806330897908837 1.3562915941234266e-05
3.8333333333333246 -0.7701085371649451 0.6378907286993604 0.7701085371649451 1.4129612533719804e-05
3.849999999999991 -0.759370065500905 0.6506363837215757 0.759370065500905 1.4699899430814511e-05
3.866666666666658 -0.7484206577075592 0.6632013064149795 0.7484206577075592 1.5273143024518987e-05
3.8833333333333244 -0.7372633552870723 0.6755820065232682 0.7372633552870723 1.5848706421461856e-05
3.899999999999991 -0.7259012574901169 0.6877750449630781 0.7259012574901169 1.6425950151499613e-05
3.9166666666666576 -0.7143375204549698 0.6997770347792871 0.7143375204549698 1.7004232877038117e-05
3.9333333333333242 -0.7025753563308074 0.7115846420858353 0.7025753563308074 1.758291210640639e-05
3.949999999999991 -0.690618032385442 0.7231945869918041 0.690618032385442 1.8161344907285937e-05
3.9666666666666575 -0.6784688700977473 0.7346036445124974 0.6784688700977473 1.8738888621250283e-05
3.983333333333324 -0.6661312442350253 0.7458086454652705 0.6661312442350253 1.93149015777494e-05
3.9999999999999907 -0.6536085819155715 0.7568064773498587 0.6536085819155715 1.9888743806761866e-05
4.016666666666658 -0.6409043616566966 0.7675940852129609 0.6409043616566966 2.0459777749948227e-05
4.033333333333324 -0.6280221124084727 0.7781684724968373 0.6280221124084727 2.102736896936186e-05
4.049999999999991 -0.6149654125734687 0.7885267018716868 0.6149654125734687 2.1590886851663438e-05
4.0666666666666575 -0.6017378890127498 0.798665896051572 0.6017378890127498 2.2149705309559842e-05
4.083333333333324 -0.5883432160384163 0.8085832385936651 0.5883432160384163 2.2703203476748257e-05
4.099999999999991 -0.574785114392961 0.8182759746805932 0.574785114392961 2.3250766397975298e-05
4.116666666666657 -0.5610673502157298 0.8277414118856656 0.5610673502157298 2.3791785712212743e-05
4.133333333333324 -0.5471937339967721 0.8369769209207699 0.5471937339967721 2.4325660328505805e-05
4.149999999999991 -0.5331681195183708 0.8459799363667295 0.5331681195183708 2.4851797094271877e-05
4.166666666666657 -0.5189944027845478 0.8547479573859206 0.5189944027845478 2.5369611453551766e-05
4.183333333333324 -0.5046765209388402 0.8632785484169488 0.5046765209388402 2.587852809698976e-05
4.19999999999999 -0.49021845117064955 0.8715693398511946 0.49021845117064955 2.6377981601211076e-05
4.216666666666657 -0.47562420961046703 0.8796180286910371 0.47562420961046703 2.6867417056153364e-05
4.233333333333324 -0.46089785021428165 0.8874223791895767 0.46089785021428165 2.7346290682406238e-05
4.24999999999999 -0.44604346363748115 0.8949802234716747 0.44604346363748115 2.7814070435117078e-05
4.266666666666657 -0.43106517609855916 0.9022894621361417 0.43106517609855916 2.8270236595129283e-05
4.2833333333333234 -0.4159671482329431 0.9093480648389042 0.4159671482329431 2.871428234640927e-05
4.29999999999999 -0.40075357393726235 0.9161540708569892 0.40075357393726235 2.914571433898505e-05
4.316666666666657 -0.3854286792043768 0.9227055896331695 0.3854286792043768 2.9564053237285393e-05
4.333333333333323 -0.36999672094949004 0.9290008013011184 0.36999672094949004 2.996883425254726e-05
4.34999999999999 -0.35446198582767285 0.9350379571909281 0.35446198582767285 3.03596076594026e-05
4.3666666666666565 -0.33882878904312574 0.9408153803148515 0.33882878904312574 3.073593929520113e-05
4.383333333333323 -0.32310147315051113 0.9463314658331318 0.32310147315051113 3.109741104284636e-05
4.39999999999999 -0.307284406848688 0.9515846814997917 0.307284406848688 3.1443621294979796e-05
4.416666666666656 -0.2913819837671847 0.9565735680882572 0.2913819837671847 3.177418540023513e-05
4.433333333333323 -0.2753986212457461 0.9612967397966983 0.2753986212457461 3.208873609050755e-05
4.4499999999999895 -0.25933875910729476 0.9657528846329736 0.25933875910729476 3.2386923889460295e-05
4.466666666666656 -0.24320685842464695 0.9699407647790731 0.24320685842464695 3.266841750021454e-05
4.483333333333323 -0.22700740028132566 0.9738592169349563 0.22700740028132566 3.2932904173887945e-05
4.499999999999989 -0.21074488452681508 0.9775071526416907 0.21074488452681508 3.318009005681688e-05
4.516666666666656 -0.19442382852660262 0.9808835585838025 0.19442382852660262 3.340970051718406e-05
4.533333333333323 -0.178048765907355 0.9839874968707522 0.178048765907355 3.362148044971924e-05
4.549999999999989 -0.16162424529757755 0.98681810529746 0.16162424529757755 3.381519455986082e-05
4.566666666666656 -0.14515482906410632 0.9893745975838073 0.14515482906410632 3.399062762471372e-05
4.583333333333322 -0.12864509204478397 0.991656263593048 0.12864509204478397 3.414758473213597e-05
4.599999999999989 -0.1120996202776714 0.9936624695290684 0.1120996202776714 3.428589149750971e-05
4.616666666666656 -0.09552300972714836 0.9953926581124419 0.09552300972714836 3.4405394257197575e-05
4.633333333333322 -0.07891986500725667 0.9968463487352287 0.07891986500725667 3.450596023957253e-05
4.649999999999989 -0.06229479810264074 0.9980231375944779 0.06229479810264074 3.458747771251103e-05
4.666666666666655 -0.045652427087440745 0.9989226978043952 0.045652427087440745 3.46498561074049e-05
4.683333333333322 -0.028997374842494237 0.9995447794871447 0.028997374842494237 3.4693026119525516e-05
4.699999999999989 -0.01233426777120259 0.9998892098422589 0.01233426777120259 3.471693978568391e-05
4.716666666666655 0.00433226548558106 0.9999558931946392 -0.00433226548558106 3.472157053691083e-05
4.733333333333322 0.020997595335285384 0.999744811021132 -0.020997595335285384 3.4706913228321756e-05
4.7499999999999885 0.037657092519618796 0.9992560219556744 -0.037657092519618796 3.467298414483455e-05
4.766666666666655 0.05430612940047454 0.9984896617730069 -0.05430612940047454 3.4619820982628724e-05
4.783333333333322 0.0709400812453857 0.997445943350958 -0.0709400812453857 3.454748280773412e-05
4.799999999999988 0.08755432751217314 0.9961251566113117 -0.08755432751217314 3.445604999041674e-05
4.816666666666655 0.10414425313242942 0.9945276684392734 -0.10414425313242942 3.434562411558373e-05
4.8333333333333215 0.12070524979348225 0.9926539225815575 -0.12070524979348225 3.4216327870151275e-05
4.849999999999988 0.13723271721848135 0.9905044395231244 -0.13723271721848135 3.4068304906820224e-05
4.866666666666655 0.15372206444425307 0.9880798163426016 -0.15372206444425307 3.39017196838709e-05
4.883333333333321 0.17016871109656806 0.985380726546428 -0.17016871109656806 3.371675728319756e-05
4.899999999999988 0.18656808866246732 0.9824079198817695 -0.18656808866246732 3.351362320430651e-05
4.9166666666666545 0.2029156417592937 0.9791622221282548 -0.2029156417592937 3.3292543136165254e-05
4.933333333333321 0.2192068294000758 0.9756445348685934 -0.2192068294000758 3.305376270607008e-05
4.949999999999988 0.23543712625491345 0.9718558352381352 -0.23543712625491345 3.279754720725281e-05
4.966666666666654 0.2516020239080136 0.9677971756534443 -0.2516020239080136 3.252418130383905e-05
4.983333333333321 0.26769703211002827 0.9634696835199605 -0.26769703211002827 3.223396871476769e-05
4.999999999999988 0.28371768002534564 0.9588745609188324 -0.28371768002534564 3.1927231876005546e-05
5.016666666666654 0.29965951747398933 0.9540130842730046 -0.29965951747398933 3.160431158250043e-05
5.033333333333321 0.31551811616777914 0.9488866039926565 -0.31551811616777914 3.126556660970614e-05
5.049999999999987 0.3312890709404112 0.9434965441000882 -0.3312890709404112 3.0911373314734814e-05
5.066666666666654 0.3469680009711154 0.9378444018341588 -0.3469680009711154 3.0542125218413485e-05
5.083333333333321 0.36255055100154987 0.9319317472343867 -0.36255055100154987 3.0158232567911725e-05
5.099999999999987 0.378032392545595 0.9257602227048272 -0.378032392545595 2.9760121880995083e-05
5.116666666666654 0.3934092250917108 0.9193315425578497 -0.3934092250917108 2.9348235472126394e-05
5.13333333333332 0.40867677729752333 0.9126474925379394 -0.40867677729752333 2.8923030961136575e-05
5.149999999999987 0.4238308081763088 0.9057099293256575 -0.4238308081763088 2.8484980764686973e-05
5.166666666666654 0.43886710827504527 0.8985207800218963 -0.43886710827504527 2.8034571571411426e-05
5.18333333333332 0.45378150084370533 0.8910820416125734 -0.45378150084370533 2.757230380112663e-05
5.199999999999987 0.4685698429954644 0.8833957804139138 -0.4685698429954644 2.709869104905449e-05
5.2166666666666535 0.4832280268575025 0.8754641314984725 -0.4832280268575025 2.661425951505647e-05
5.23333333333332 0.49775198071208016 0.8672892981020593 -0.49775198071208016 2.6119547419101163e-05
5.249999999999987 0.5121376701275712 0.8588735510117289 -0.5121376701275712 2.5615104403076128e-05
5.266666666666653 0.5263810990791378 0.8502192279350063 -0.5263810990791378 2.510149092038727e-05
5.28333333333332 0.540478311058738 0.8413287328505239 -0.540478311058738 2.4579277612901684e-05
5.2999999999999865 0.5544253901741553 0.8322045353402497 -0.5544253901741553 2.4049044677343367e-05
5.316666666666653 0.5682184622367463 0.8228491699034922 -0.5682184622367463 2.3511381220586713e-05
5.33333333333332 0.5818536958376049 0.8132652352528726 -0.5818536958376049 2.296688460479146e-05
5.349999999999986 0.595327303411842 0.8034553935924605 -0.595327303411842 2.241615978443301e-05
5.366666666666653 0.608635542290687 0.7934223698782727 -0.608635542290687 2.1859818633396255e-05
5.3833333333333195 0.6217747157411178 0.783168951061341 -0.6217747157411178 2.12984792655746e-05
5.399999999999986 0.6347411739927317 0.7726979853135588 -0.6347411739927317 2.073276534797497e-05
5.416666666666653 0.6475313152515698 0.7620123812365229 -0.6475313152515698 2.016330540804967e-05
5.433333333333319 0.6601415867006158 0.7511151070535881 -0.6601415867006158 1.959073213508855e-05
5.449999999999986 0.6725684854866895 0.7400091897853606 -0.6725684854866895 1.9015681677503338e-05
5.466666666666653 0.6848085596934612 0.7286977144088593 -0.6848085596934612 1.843879293583761e-05
5.483333333333319 0.6968584093003181 0.7171838230005779 -0.6968584093003181 1.786070685305674e-05
5.499999999999986 0.7087146871268137 0.7054707138636852 -0.7087146871268137 1.7282065702450833e-05
5.516666666666652 0.7203740997624408 0.6935616406396081 -0.7203740997624408 1.6703512374038887e-05
5.533333333333319 0.7318334084814673 0.6814599114042422 -0.7318334084814673 1.6125689660140274e-05
5.549999999999986 0.7430894301425822 0.6691688877490418 -0.7430894301425822 1.5549239541334803e-05
5.566666666666652 0.754139038073102 0.6566919838472445 -0.754139038073102 1.4974802473366466e-05
5.583333333333319 0.7649791629374904 0.6440326655054895 -0.7649791629374904 1.4403016675434976e-05
5.599999999999985 0.7756067935899517 0.6311944492010942 -0.7756067935899517 1.3834517420707737e-05
5.616666666666652 0.7860189779108602 0.6181809011052541 -0.7860189779108602 1.3269936331328225e-05
5.633333333333319 0.7962128236267935 0.6049956360924403 -0.7962128236267935 1.2709900676144414e-05
5.649999999999985 0.8061854991139416 0.5916423167362675 -0.8061854991139416 1.215503267348872e-05
5.666666666666652 0.815934234184669 0.5781246522921125 -0.815934234184669 1.1605948800785804e-05
5.6833333333333185 0.8254563208570119 0.5644463976667652 -0.8254563208570119 1.1063259108878842e-05
5.699999999999985 0.8347491141068946 0.5506113523753993 -0.8347491141068946 1.0527566544293876e-05
5.716666666666652 0.8438100326028586 0.5366233594861514 -0.8438100326028586 9.999466279775326e-06
5.733333333333318 0.8526365594230996 0.5224863045526017 -0.8526365594230996 9.479545052593075e-06
5.749999999999985 0.8612262427546119 0.508204114534454 -0.8612262427546119 8.968380512897056e-06
5.7666666666666515 0.869576696574248 0.4937807567067135 -0.869576696574248 8.46654058184182e-06
5.783333333333318 0.8776856013115023 0.47922023755766563 -0.8776856013115023 7.974582820535758e-06
5.799999999999985 0.8855507044928368 0.4645266016759628 -0.8855507044928368 7.493053810925243e-06
5.816666666666651 0.8931698213673678 0.44970393062712777 -0.8931698213673678 7.022488547892003e-06
5.833333333333318 0.9005408355137411 0.4347563418197852 -0.9005408355137411 6.563409845616874e-06
5.8499999999999845 0.9076616994280272 0.41968798736193713 -0.9076616994280272 6.116327756044981e-06
5.866666666666651 0.9145304350924722 0.40450305290759964 -0.9145304350924722 5.681739002505459e-06
5.883333333333318 0.9211451345249472 0.3892057564941211 -0.9211451345249472 5.260126427986123e-06
5.899999999999984 0.927503960308943 0.3738003473705053 -0.927503960308943 4.851958458118588e-06
5.916666666666651 0.9336051461039641 0.35829110481706444 -0.9336051461039641 4.457688581593899e-06
5.933333333333318 0.9394469971361785 0.3426823369567299 -0.9394469971361785 4.077754845566162e-06
5.949999999999984 0.9450278906691885 0.3269783795583518 -0.9450278906691885 3.712579369430369e-06
5.966666666666651 0.9503462764547903 0.3111835948323186 -0.9503462764547903 3.362567875364597e-06
5.983333333333317 0.9554006771635991 0.29530237021883204 -0.9554006771635991 3.0281092380790575e-06
5.999999999999984 0.960189688795418 0.2793391171691736 -0.960189688795418 2.709575052550761e-06
6.016666666666651 0.9647119810692382 0.2632982699203015 -0.9647119810692382 2.407319220965043e-06
6.033333333333317 0.9689662977927613 0.24718428426311817 -0.9689662977927613 2.1216775599186555e-06
6.049999999999984 0.9729514572113421 0.23100163630475065 -0.9729514572113421 1.8529674267742102e-06
6.06666666666665 0.9766663523362531 0.21475482122518738 -0.9766663523362531 1.6014873678305008e-06
6.083333333333317 0.9801099512521817 0.1984483520286171 -0.9801099512521817 1.367516786032752e-06
6.099999999999984 0.9832812974038736 0.18208675828981663 -0.9832812974038736 1.1513156304987504e-06
6.11666666666665 0.9861795098618422 0.16567458489593564 -0.9861795098618422 9.531241080829034e-07
6.133333333333317 0.9888037835670714 0.149216390784028 -0.9888037835670714 7.731624162010675e-07
6.1499999999999835 0.9911533895546432 0.1327167476746804 -0.9911533895546432 6.116304985259724e-07
6.16666666666665 0.9932276751562275 0.1161802388020898 -0.9932276751562275 4.6870782244301523e-07
6.183333333333317 0.9950260641813795 0.09961145764094308 -0.9950260641813795 3.445531799317614e-07
6.199999999999983 0.9965480570775923 0.08301500663045164 -0.9965480570775923 2.3930451092946114e-07
6.21666666666665 0.9977932310690613 0.06639549589589619 -0.9977932310690613 1.5307875050885045e-07
6.2333333333333165 0.9987612402741222 0.04975754196803633 -0.9987612402741222 8.597169814938965e-08
6.249999999999983 0.9994518158013291 0.0331057665007409 -0.9994518158013291 3.805791221056509e-08
6.26666666666665 0.9998647658241469 0.01644479498719527 -0.9998647658241469 9.390626554139914e-09
6.283333333333316 0.9999999756342356 -0.00022074452495791756 -0.9999999756342356 1.6914802891676572e-12
6.299999999999983 0.9998574076733149 -0.016886222719187504 -0.9998574076733149 9.901538311485325e-09
6.3166666666666496 0.999437101543596 -0.03354701029599509 -0.999437101543596 3.9079168068223424e-08
6.333333333333316 0.9987391739967817 -0.05019847925883157 -0.9987391739967817 8.750216340391859e-08
6.349999999999983 0.9977638189016349 -0.06683600419965172 -0.9977638189016349 1.5511672479817662e-07
6.366666666666649 0.9965113071901266 -0.08345496358374972 -0.9965113071901266 2.4184773006474813e-07
6.383333333333316 0.9949819867821765 -0.10005074103351891 -0.9949819867821765 3.4759881822887806e-07
6.399999999999983 0.9931762824890092 -0.1166187266107788 -0.9931762824890092 4.72252496108716e-07
6.416666666666649 0.9910946958951505 -0.13315431809731346 -0.9910946958951505 6.15670269266122e-07
6.433333333333316 0.9887378052190987 -0.14965292227326552 -0.9887378052190987 7.776927958280666e-07
6.449999999999982 0.9861062651527083 -0.16610995619303057 -0.9861062651527083 9.581400630120918e-07
6.466666666666649 0.983200806679331 -0.18252084845829755 -0.983200806679331 1.1568115880211671e-06
6.483333333333316 0.980022236870765 -0.19888104048788166 -0.980022236870765 1.3734866399217616e-06
6.499999999999982 0.9765714386630682 -0.21518598778399692 -0.9765714386630682 1.6079244853917096e-06
6.516666666666649 0.9728493706112984 -0.23143116119461662 -0.9728493706112984 1.8598646559508936e-06
6.5333333333333155 0.9688570666232477 -0.24761204817157118 -0.9688570666232477 2.1290272376739416e-06
6.549999999999982 0.964595635672246 -0.2637241540240336 -0.964595635672246 2.415113181664097e-06
6.566666666666649 0.9600662614891132 -0.27976300316704494 -0.9600662614891132 2.717804636842569e-06
6.583333333333315 0.9552702022333446 -0.29572414036473205 -0.9552702022333446 3.0367653026108776e-06
6.599999999999982 0.9502087901436221 -0.3116031319678734 -0.9502087901436221 3.371640802940501e-06
6.6166666666666485 0.9448834311677488 -0.3273955671454682 -0.9448834311677488 3.722059079724893e-06
6.633333333333315 0.9392956045721066 -0.34309705910996696 -0.9392956045721066 4.08763080628205e-06
6.649999999999982 0.9334468625307499 -0.35870324633582407 -0.9334468625307499 4.4679498201749546e-06
6.666666666666648 0.9273388296942459 -0.37420979377103236 -0.9273388296942459 4.862593573962126e-06
6.683333333333315 0.9209732027383822 -0.38961239404130427 -0.9209732027383822 5.271123605099515e-06
6.6999999999999815 0.914351749892869 -0.4049067686465647 -0.914351749892869 5.693086022773297e-06
6.716666666666648 0.9074763104501634 -0.42008866914942333 -0.9074763104501634 6.128012012496242e-06
6.733333333333315 0.9003487942545549 -0.43515387835529595 -0.9003487942545549 6.575418356691287e-06
6.749999999999981 0.8929711811716535 -0.45009821148384765 -0.8929711811716535 7.034807971761925e-06
6.766666666666648 0.8853455205384266 -0.46491751733143166 -0.8853455205384266 7.505670460150604e-06
6.783333333333315 0.8774739305939391 -0.4796076794242014 -0.8774739305939391 7.987482677718205e-06
6.799999999999981 0.8693585978909533 -0.4941646171615755 -0.8693585978909533 8.479709314668238e-06
6.816666666666648 0.8610017766885533 -0.508584286949738 -0.8610017766885533 8.981803490626383e-06
6.833333333333314 0.852405788325962 -0.522862683324859 -0.852405788325962 9.493207361710443e-06
6.849999999999981 0.8435730205777247 -0.5369958400657231 -0.8435730205777247 1.0013352741089498e-05
6.866666666666648 0.8345059269904379 -0.5509798312954578 -0.8345059269904379 1.0541661729424057e-05
6.883333333333314 0.8252070262012093 -0.5648107725720548 -0.8252070262012093 1.1077547357629669e-05
6.899999999999981 0.815678901238036 -0.5784848219673818 -0.815678901238036 1.1620414238411314e-05
6.916666666666647 0.8059241988022966 -0.5919981811343846 -0.8059241988022966 1.2169659228344898e-05
6.933333333333314 0.7959456285335565 -0.6053470963621834 -0.7959456285335565 1.2724672097508272e-05
6.949999999999981 0.7857459622568905 -0.6185278596187704 -0.7857459622568905 1.328483620788301e-05
6.966666666666647 0.7753280332129309 -0.6315368095810189 -0.7753280332129309 1.3849529198139976e-05
6.983333333333314 0.7646947352708565 -0.6443703326517171 -0.7646947352708565 1.4418123675086214e-05
6.9999999999999805 0.7538490221245403 -0.6570248639633454 -0.7538490221245403 1.4989987910940528e-05
7.016666666666647 0.7427939064720783 -0.6694968883683172 -0.7427939064720783 1.556448654516096e-05
7.033333333333314 0.7315324591789297 -0.681782941415409 -0.7315324591789297 1.6140981290213574e-05
7.04999999999998 0.720067808424898 -0.6938796103121075 -0.720067808424898 1.6718831641115983e-05
7.066666666666647 0.7084031388351928 -0.7057835348726084 -0.7084031388351928 1.7297395586091113e-05
7.0833333333333135 0.6965416905958111 -0.7174914084512001 -0.6965416905958111 1.7876030321273273e-05
7.09999999999998 0.6844867585534861 -0.7289999788607775 -0.6844867585534861 1.8454092963804403e-05
7.116666666666647 0.6722416913004517 -0.7403060492762269 -0.6722416913004517 1.9030941266429124e-05
7.133333333333313 0.6598098902442785 -0.751406479122433 -0.6598098902442785 1.9605934330924057e-05
7.14999999999998 0.6471948086630374 -0.7622981849466607 -0.6471948086630374 2.0178433320583444e-05
7.1666666666666465 0.6343999507460565 -0.7729781412750698 -0.6343999507460565 2.0747802169651663e-05
7.183333333333313 0.6214288706205351 -0.7834433814531248 -0.6214288706205351 2.1313408289980185e-05
7.19999999999998 0.6082851713642857 -0.7936909984696648 -0.6082851713642857 2.1874623273965277e-05
7.216666666666646 0.5949725040048796 -0.8037181457644078 -0.5949725040048796 2.243082359287829e-05
7.233333333333313 0.581494566505472 -0.8135220380186607 -0.581494566505472 2.298139128892318e-05
7.24999999999998 0.5678551027375909 -0.8230999519290196 -0.5678551027375909 2.3525714662853137e-05
7.266666666666646 0.5540579014411714 -0.8324492269638426 -0.5540579014411714 2.4063188953094006e-05
7.283333333333313 0.5401067951721295 -0.8415672661022867 -0.5401067951721295 2.459321700715167e-05
7.299999999999979 0.5260056592377619 -0.8504515365557025 -0.5260056592377619 2.511520994608052e-05
7.316666666666646 0.5117584106202727 -0.8590995704711861 -0.5117584106202727 2.5628587817905224e-05
7.333333333333313 0.4973690068887224 -0.8675089656170943 -0.4973690068887224 2.613278024254928e-05
7.349999999999979 0.48284144509970295 -0.8756773860503312 -0.48284144509970295 2.6627227044939694e-05
7.366666666666646 0.4681797606870447 -0.8836025627652208 -0.4681797606870447 2.7111378877842096e-05
7.383333333333312 0.4533880263408623 -0.8912822943237867 -0.4533880263408623 2.7584697832261362e-05
7.399999999999979 0.4384703508762518 -0.8987144474672627 -0.4384703508762518 2.804665803468609e-05
7.416666666666646 0.4234308780919535 -0.9058969577086644 -0.4234308780919535 2.849674623173204e-05
7.433333333333312 0.40827378561929634 -0.9128278299062581 -0.40827378561929634 2.8934462360186153e-05
7.449999999999979 0.3930032837617449 -0.9195051388177667 -0.3930032837617449 2.9359320102506636e-05
7.4666666666666455 0.3776236143253708 -0.9259270296351594 -0.3776236143253708 2.9770847427113e-05
7.483333333333312 0.36213904944057296 -0.9320917184998756 -0.36213904944057296 3.016858711346604e-05
7.499999999999979 0.34655389037537493 -0.9379974929983419 -0.34655389037537493 3.055209725910668e-05
7.516666666666645 0.3308724663406282 -0.943642712637642 -0.3308724663406282 3.092095177126275e-05
7.533333333333312 0.31509913328745354 -0.9490258093012094 -0.31509913328745354 3.127474084008153e-05
7.5499999999999785 0.29923827269725456 -0.9541452876844153 -0.29923827269725456 3.161307139393221e-05
7.566666666666645 0.2832942903646397 -0.9589997257099311 -0.2832942903646397 3.193556753611215e-05
7.583333333333312 0.2672716151735902 -0.9635877749227497 -0.2672716151735902 3.2241870962235186e-05
7.599999999999978 0.25117469786721475 -0.9679081608647565 -0.25117469786721475 3.2531641358968244e-05
7.616666666666645 0.2350080098114317 -0.9719596834287453 -0.2350080098114317 3.280455678167371e-05
7.6333333333333115 0.21877604175292323 -0.9757412171917816 -0.21877604175292323 3.3060314011845726e-05
7.649999999999978 0.20248330257170563 -0.9792517117278202 -0.20248330257170563 3.329862889461799e-05
7.666666666666645 0.18613431802866257 -0.9824901918994899 -0.18613431802866257 3.3519236654067086e-05
7.683333333333311 0.1697336295083893 -0.9854557581289654 -0.1697336295083893 3.372189218747712e-05
7.699999999999978 0.15328579275769705 -0.9881475866478494 -0.15328579275769705 3.3906370337621894e-05
7.716666666666645 0.13679537662012764 -0.990564929725998 -0.13679537662012764 3.4072466143064695e-05
7.733333333333311 0.12026696176683044 -0.9927071158792226 -0.12026696176683044 3.4219995065754016e-05
7.749999999999978 0.10370513942415356 -0.994573550055814 -0.10370513942415356 3.434879319602624e-05
7.766666666666644 0.0871145100983033 -0.9961637138018345 -0.0871145100983033 3.4458717434626696e-05
7.783333333333311 0.07049968229742573 -0.9974771654051323 -0.07049968229742573 3.4549645652137695e-05
7.799999999999978 0.05386527125146555 -0.9985135400180397 -0.05386527125146555 3.462147682431471e-05
7.816666666666644 0.03721589763015774 -0.9992725497587199 -0.03721589763015774 3.467413114410789e-05
7.833333333333311 0.02055618625950822 -0.9997539837911339 -0.02055618625950822 3.4707550110757435e-05
7.849999999999977 0.0038907648371199477 -0.9999577083836059 -0.0038907648371199477 3.472169659485269e-05
7.866666666666644 -0.012775737353278638 -0.9998836669459713 0.012775737353278638 3.471655487902181e-05
7.883333333333311 -0.02943869072774576 -0.9995318800452961 0.02943869072774576 3.4692130675917365e-05
7.899999999999977 -0.04609346668812184 -0.9989024454001639 0.04609346668812184 3.4648451121721546e-05
7.916666666666644 -0.06273543890775121 -0.9979955378535317 0.06273543890775121 3.4585564745948094e-05
7.9333333333333105 -0.07935998461657288 -0.9968114093241623 0.07935998461657288 3.450354141726342e-05
7.949999999999977 -0.0959624858852233 -0.9953503887366474 0.0959624858852233 3.4402472266659156e-05
7.966666666666644 -0.11253833090779447 -0.9936128819300388 0.11253833090779447 3.428246958520065e-05
7.98333333333331 -0.12908291528289126 -0.9915993715451165 0.12908291528289126 3.414366670001501e-05
7.999999999999977 -0.1455916432926317 -0.9893104168903205 0.1455916432926317 3.398621782563227e-05
8.016666666666644 -0.16205992917923528 -0.9867466537863883 0.16205992917923528 3.381029789345513e-05
8.033333333333312 -0.17848319841884464 -0.9839087943897376 0.17848319841884464 3.361610235624868e-05
8.04999999999998 -0.19485688899222653 -0.9807976269946453 0.19485688899222653 3.340384697181342e-05
8.066666666666647 -0.21117645265199947 -0.9774140158142769 0.21117645265199947 3.3173767563121626e-05
8.083333333333314 -0.22743735618603575 -0.9737589007406267 0.22743735618603575 3.292611975636017e-05
8.099999999999982 -0.24363508267668701 -0.9698332970834374 0.24363508267668701 3.2661178696546944e-05
8.11666666666665 -0.25976513275548363 -0.9656382952881694 0.25976513275548363 3.237923874210846e-05
8.133333333333317 -0.2758230258529593 -0.961175060633099 0.2758230258529593 3.2080613138085745e-05
8.149999999999984 -0.2918043014432536 -0.9564448329056305 0.2918043014432536 3.1765633667635296e-05
8.166666666666652 -0.307704520283147 -0.9514489260579105 0.307704520283147 3.1434650283546084e-05
8.18333333333332 -0.32351926564518396 -0.946188727841841 0.32351926564518396 3.1088030719661486e-05
8.199999999999987 -0.3392441445445417 -0.9406656994235933 0.3392441445445417 3.0726160082039655e-05
8.216666666666654 -0.35487478895930374 -0.934881374977728 0.35487478895930374 3.034944042112908e-05
8.233333333333322 -0.37040685704379933 -0.9288373612610356 0.37040685704379933 2.9958290285458933e-05
8.24999999999999 -0.3858360343346716 -0.9225353371662149 0.3858360343346716 2.9553144256122543e-05
8.266666666666657 -0.4011580349493398 -0.9159770532555148 0.4011580349493398 2.913445246399693e-05
8.283333333333324 -0.4163686027765221 -0.9091643312744659 0.4163686027765221 2.8702680089975896e-05
8.299999999999992 -0.4314635126584887 -0.9020990636458408 0.4314635126584887 2.825830684771713e-05
8.31666666666666 -0.44643857156471684 -0.8947832129439807 0.44643857156471684 2.7801826451068212e-05
8.333333333333327 -0.4612896197566214 -0.8872188113496361 0.4612896197566214 2.733374606522787e-05
8.349999999999994 -0.47601253194303805 -0.8794079600854722 0.47601253194303805 2.6854585743363302e-05
8.366666666666662 -0.4906032184261372 -0.8713528288323956 0.4906032184261372 2.636487784890562e-05
8.38333333333333 -0.5050576262374513 -0.8630556551268657 0.5050576262374513 2.5865166463856504e-05
8.399999999999997 -0.5193717402636995 -0.8545187437393561 0.5193717402636995 2.535600678449379e-05
8.416666666666664 -0.5335415843620965 -0.8457444660341412 0.5335415843620965 2.4837964504587084e-05
8.433333333333332 -0.5475632224648375 -0.8367352593105835 0.5475632224648375 2.431161518678948e-05
8.45 -0.5614327596724493 -0.827493626126106 0.5614327596724493 2.3777543623038078e-05
8.466666666666667 -0.5751463433357077 -0.8180221336010379 0.5751463433357077 2.323634318490697e-05
8.483333333333334 -0.5887001641258173 -0.8083234127055252 0.5887001641258173 2.2688615164523362e-05
8.500000000000002 -0.6020904570925586 -0.7984001575287054 0.6020904570925586 2.213496810610227e-05
8.51666666666667 -0.6153135027101075 -0.7882551245303498 0.6153135027101075 2.157601713059787e-05
8.533333333333337 -0.628365627910237 -0.7778911317751803 0.628365627910237 2.10123832513065e-05
8.550000000000004 -0.6412432071026135 -0.7673110581500732 0.6412432071026135 2.0444692684917776e-05
8.566666666666672 -0.6539426631819061 -0.7565178425643688 0.6539426631819061 1.987357615451657e-05
8.58333333333334 -0.6664604685214258 -0.7455144831335078 0.6664604685214258 1.9299668190198016e-05
8.600000000000007 -0.678793145953023 -0.7343040363462207 0.678793145953023 1.872360642318771e-05
8.616666666666674 -0.6909372697329665 -0.7228896162155041 0.6909372697329665 1.8146030877574937e-05
8.633333333333342 -0.7028894664935398 -0.7112743934136165 0.7028894664935398 1.756758325943686e-05
8.65000000000001 -0.7146464161800871 -0.6994615943913363 0.7146464161800871 1.6988906243797786e-05
8.666666666666677 -0.726204852973251 -0.6874545004817251 0.726204852973251 1.641064276036719e-05
8.683333333333344 -0.7375615661961445 -0.6752564469886467 0.7375615661961445 1.5833435279610786e-05
8.700000000000012 -0.7487134012062059 -0.6628708222602938 0.7487134012062059 1.5257925098488556e-05
8.71666666666668 -0.7596572602714877 -0.6503010667479797 0.7596572602714877 1.4684751628413206e-05
8.733333333333347 -0.7703901034311386 -0.6375506720504578 0.7703901034311386 1.4114551684651921e-05
8.750000000000014 -0.7809089493398363 -0.6246231799440329 0.7809089493398363 1.3547958778559188e-05
8.766666666666682 -0.7912108760959397 -0.6115221813987347 0.7912108760959397 1.2985602414306019e-05
8.78333333333335 -0.8012930220531275 -0.5982513155808258 0.8012930220531275 1.242810738866229e-05
8.800000000000017 -0.8111525866153005 -0.5848142688419222 0.8111525866153005 1.1876093097606955e-05
8.816666666666684 -0.8207868310145249 -0.5712147736950071 0.8207868310145249 1.1330172847823228e-05
8.833333333333352 -0.8301930790718007 -0.5574566077776211 0.8301930790718007 1.079095317518819e-05
8.85000000000002 -0.8393687179404455 -0.5435435928025191 0.8393687179404455 1.0259033171033938e-05
8.866666666666687 -0.8483111988318847 -0.529479593496083 0.8483111988318847 9.735003816735421e-06
8.883333333333354 -0.8570180377236483 -0.5152685165247868 0.8570180377236483 9.219447326458408e-06
8.900000000000022 -0.8654868160493775 -0.5009143094100115 0.8654868160493775 8.712936501176216e-06
8.91666666666669 -0.8737151813706486 -0.48642095943151126 0.8737151813706486 8.21603409129068e-06
8.933333333333357 -0.8817008480304279 -0.4717924925198356 0.8817008480304279 7.729292172575786e-06
8.950000000000024 -0.8894415977879765 -0.4570329721380156 0.8894415977879765 7.253251531669225e-06
8.966666666666692 -0.8969352804350285 -0.44214649815282386 0.8969352804350285 6.788441065885831e-06
8.98333333333336 -0.9041798143930707 -0.42713720569592306 0.9041798143930707 6.335377195465508e-06
9.000000000000027 -0.9111731872915593 -0.4120092640152178 0.9111731872915593 5.894563289809973e-06
9.016666666666694 -0.9179134565269113 -0.39676687531673055 0.9179134565269113 5.466489108096884e-06
9.033333333333362 -0.9243987498021169 -0.381414273597322 0.9243987498021169 5.051630255215045e-06
9.05000000000003 -0.930627265646822 -0.36595572346858085 0.930627265646822 4.6504476535202954e-06
9.066666666666697 -0.9365972739177363 -0.35039551897220955 0.9365972739177363 4.263387030412069e-06
9.083333333333364 -0.942307116279229 -0.33473798238723484 0.942307116279229 3.8908784233959715e-06
9.100000000000032 -0.9477552066639775 -0.31898746302937475 0.9477552066639775 3.5333357022993006e-06
9.1166666666667 -0.9529400317135416 -0.3031483360428954 0.9529400317135416 3.191156109083604e-06
9.133333333333367 -0.9578601511987407 -0.2872250011852931 0.9578601511987407 2.8647198170306254e-06
9.150000000000034 -0.962514198419718 -0.27122188160513927 0.962514198419718 2.5543895078028456e-06
9.166666666666702 -0.9669008805855787 -0.2551434226134285 0.9669008805855787 2.260509968987634e-06
9.183333333333369 -0.9710189791734989 -0.23899409044876951 0.9710189791734989 1.9834077107372394e-06
9.200000000000037 -0.9748673502672043 -0.22277837103676365 0.9748673502672043 1.7233906030589274e-06
9.216666666666704 -0.9784449248747243 -0.20650076874391424 0.9784449248747243 1.4807475336997555e-06
9.233333333333372 -0.9817507092253348 -0.19016580512641373 0.9817507092253348 1.2557480874586524e-06
9.250000000000039 -0.9847837850456048 -0.1737780176741559 0.9847837850456048 1.0486422463706901e-06
9.266666666666707 -0.9875433098144734 -0.15734195855032193 0.9875433098144734 8.596601119292835e-07
9.283333333333374 -0.9900285169972822 -0.14086219332689065 0.9900285169972822 6.890116498459165e-07
9.300000000000042 -0.992238716258703 -0.12434329971642412 0.992238716258703 5.368864563481957e-07
9.316666666666709 -0.9941732936544964 -0.10778986630048079 0.9941732936544964 4.034535475150314e-07
9.333333333333377 -0.9958317118020523 -0.09120649125500954 0.9958317118020523 2.888611720375245e-07
9.350000000000044 -0.9972135100296633 -0.07459778107307857 0.9972135100296633 1.932366458512469e-07
9.366666666666712 -0.9983183045044882 -0.05796834928529398 0.9983183045044882 1.1668621102689514e-07
9.383333333333379 -0.999145788339173 -0.041322815178263465 0.999145788339173 5.9294917809094017e-08
9.400000000000047 -0.9996957316770969 -0.024665802511461214 0.9996957316770969 2.112652974783913e-08
9.416666666666714 -0.9999679817562217 -0.008001938232850227 0.9999679817562217 2.2234531438236615e-09
9.433333333333382 -0.9999624629515252 0.008664148806380997 0.9999624629515252 2.606690197026751e-09
9.450000000000049 -0.9996791767960089 0.025327829137610447 0.9996791767960089 2.2275814970385e-08
9.466666666666717 -0.9991182019802716 0.041984473960746116 0.9991182019802716 6.120897433348205e-08
9.483333333333384 -0.9982796943306508 0.05862945643000381 0.9982796943306508 1.1936291233194396e-07
9.500000000000052 -0.9971638867659381 0.07525815293914205 0.9971638867659381 1.9667301798254044e-07
9.516666666666719 -0.9957710892326794 0.09186594440579719 0.9957710892326794 2.930533970491034e-07
9.533333333333387 -0.9941016886190782 0.10844821755456183 0.9941016886190782 4.083969677992627e-07
9.550000000000054 -0.9921561486475273 0.1250003661984502 0.9921561486475273 5.425755795207543e-07
9.566666666666721 -0.9899350097457965 0.14151779251839455 0.9899350097457965 6.954401551850786e-07
9.583333333333389 -0.9874388888969141 0.15799590834041713 0.9874388888969141 8.66820857092776e-07
9.600000000000056 -0.9846684794677826 0.17443013641012292 0.9846684794677826 1.0565272755003186e-06
9.616666666666724 -0.9816245510165766 0.19081591166415923 0.9816245510165766 1.2643486400620851e-06
9.633333333333391 -0.9783079490789772 0.20714868249828883 0.9783079490789772 1.490054054198442e-06
9.650000000000059 -0.9747195949333003 0.22342391203172446 0.9747195949333003 1.7333927516127723e-06
9.666666666666726 -0.9708604853445864 0.2396370793673735 0.9708604853445864 1.9940943746799e-06
9.683333333333394 -0.9667316922877212 0.2557836808476427 0.9667316922877212 2.2718692750389735e-06
9.700000000000061 -0.9623343626496649 0.2718592313054542 0.9623343626496649 2.5664088354471204e-06
9.716666666666729 -0.9576697179108726 0.2878592653101253 0.9576697179108726 2.8773858122832507e-06
9.733333333333396 -0.952739053805994 0.30377933840776583 0.952739053805994 3.204454699701209e-06
9.750000000000064 -0.947543739963947 0.3196150283558487 0.947543739963947 3.547252112989785e-06
9.766666666666731 -0.9420852195274657 0.3353619363516105 0.9420852195274657 3.90539719252736e-06
9.783333333333399 -0.9363650087522267 0.35101568825394125 0.9363650087522267 4.278492027109948e-06
9.800000000000066 -0.9303846965856677 0.36657193579842373 0.9303846965856677 4.6661220957089355e-06
9.816666666666734 -0.9241459442256126 0.3820263578051844 0.9241459442256126 5.0678567281026154e-06
9.833333333333401 -0.9176504846588281 0.3973746613792214 0.9176504846588281 5.4832495834378214e-06
9.850000000000069 -0.9109001221796386 0.4126125831028753 0.9109001221796386 5.911839146222064e-06
9.866666666666736 -0.9038967318887323 0.4277358902201117 0.9038967318887323 6.353149238857991e-06
9.883333333333404 -0.8966422591723014 0.442740381812287 0.8966422591723014 6.806689550886702e-06
9.900000000000071 -0.8891387191616561 0.4576218899650699 0.8891387191616561 7.271956183552142e-06
9.916666666666739 -0.8813881961734659 0.4723762809261959 0.8813881961734659 7.748432209853107e-06
9.933333333333406 -0.8733928431307829 0.48699945625373126 0.8733928431307829 8.235588248806103e-06
9.950000000000074 -0.8651548809650081 0.5014873539545295 0.8651548809650081 8.732883053585994e-06
9.966666666666741 -0.8566765979989653 0.5158359496125625 0.8566765979989653 9.239764112489723e-06
9.983333333333409 -0.8479603493112561 0.5300412575068143 0.8479603493112561 9.755668263777828e-06
10.000000000000076 -0.8390085560820715 0.5440993317184254 0.8390085560820715 1.0280022320174886e-05
