0 1 0 -1 0.0
0.1 0.995 -0.09975 -0.995 1.2468749999994255e-05
0.1500627603826327 0.9887593653632107 -0.14940623488249094 -0.9887593653632107 1.6347192389354337e-05
0.18766685310032877 0.9824419930692118 -0.18646885420636158 -0.9824419930692118 1.854833258080335e-05
0.2190526812301467 0.976105626490594 -0.21720417369214562 -0.976105626490594 2.007643205864662e-05
0.2465588605070912 0.9697619137209226 -0.2439658643972681 -0.9697619137209226 2.1243852613872516e-05
0.2713540173271379 0.9634146371383132 -0.267932572266964 -0.9634146371383132 2.2186833030179987e-05
0.29411947825215023 0.957065376006964 -0.28979287861522696 -0.957065376006964 2.2976776274497013e-05
0.31529301049815683 0.9507149021054765 -0.3099901022336815 -0.9507149021054765 2.365571586299131e-05
0.3351754277433695 0.9443636357519518 -0.328829473334746 -0.9443636357519518 2.4250467874187276e-05
0.3539838786023412 0.9380118247494644 -0.34653175650823353 -0.9380118247494644 2.4779180749223695e-05
0.37188114767241387 0.9316596243274675 -0.36326276300661475 -0.9316596243274675 2.5254705401045463e-05
0.3889929654233094 0.9253071364977041 -0.3791508013969703 -0.9253071364977041 2.568647322720441e-05
0.40541882421251135 0.9189544309529788 -0.3942975914356189 -0.9189544309529788 2.6081609978356735e-05
0.4212390485842871 0.9126015568598456 -0.40878540477395303 -0.9126015568598456 2.6445630390725672e-05
0.4365195918289657 0.906248549853299 -0.42268191362956226 -0.906248549853299 2.6782889621990158e-05
0.45131539278401384 0.899895436362368 -0.43604358708766433 -0.899895436362368 2.709688695284873e-05
0.4656727879728872 0.8935422363816043 -0.4489181337947636 -0.8935422363816043 2.7390476193933644e-05
0.47963128482732037 0.8871889653017876 -0.46134629923340786 -0.8871889653017876 2.7666015191218918e-05
0.49322489129976543 0.8808356351516783 -0.47336321455949104 -0.8808356351516783 2.7925474422318963e-05
0.5064831303372263 0.8744822554601125 -0.4849994266497223 -0.8744822554601125 2.8170517417658303e-05
0.5194318259212177 0.8681288338669658 -0.49628169690821433 -0.8681288338669658 2.840256134262198e-05
0.5320937205322626 0.8617753765641591 -0.5072336293080553 -0.8617753765641591 2.862282334004096e-05
0.5444889662055121 0.8554218886192674 -0.5178761702937457 -0.8554218886192674 2.8832356464558728e-05
0.5566355194228878 0.8490683742165336 -0.5282280111367625 -0.8490683742165336 2.9032077896395947e-05
0.5685494618923858 0.8427148368388023 -0.5383059150604504 -0.8427148368388023 2.9222791340988152e-05
0.5802452635295974 0.8363612794065478 -0.5481249856551431 -0.8363612794065478 2.9405204995835987e-05
0.5917359998759297 0.8300077043853146 -0.5576988889793721 -0.8300077043853146 2.957994609709136e-05
0.6030335332413072 0.8236541138696056 -0.5670400387627649 -0.8236541138696056 2.974757279838869e-05
0.6141486647020001 0.8173005096490065 -0.5761597519434855 -0.8173005096490065 2.9908583947801937e-05
0.6250912624851741 0.8109468932607651 -0.5850683801542551 -0.8109468932607651 3.0063427194693126e-05
0.635870371072611 0.8045932660319443 -0.5937754215564457 -0.8045932660319443 3.021250575707679e-05
0.646494304447145 0.79823962911347 -0.6022896165007138 -0.79823962911347 3.035618410651697e-05
0.6569707262095529 0.7918859835078288 -0.6106190297872278 -0.7918859835078288 3.0494792771673662e-05
0.667306718756046 0.7855323300917476 -0.6187711217532613 -0.7855323300917476 3.0628632420148794e-05
0.6775088432875482 0.7791786696348798 -0.6267528099907725 -0.7791786696348798 3.075797734469754e-05
0.6875831920928115 0.77282500281529 -0.6345705231624288 -0.77282500281529 3.0883078454224666e-05
0.6975354342868741 0.766471330232356 -0.64223024811989 -0.766471330232356 3.1004165853554255e-05
0.7073708559786753 0.7601176524175746 -0.6497375713171 -0.7601176524175746 3.112145107586617e-05
0.7170943956749459 0.753763969843654 -0.6570977153418558 -0.753763969843654 3.123512902425407e-05
0.7267106755928839 0.7474102829322021 -0.6643155712520029 -0.7474102829322021 3.134537966531514e-05
0.736224029444761 0.7410565920602527 -0.6713957272913034 -0.7410565920602527 3.1452369513074174e-05
0.7456385271682592 0.7347028975658303 -0.6783424944690613 -0.7347028975658303 3.15562529323854e-05
0.7549579970029586 0.7283491997527134 -0.6851599294128382 -0.7283491997527134 3.1657173288290874e-05
0.7641860452528151 0.7219954988945251 -0.6918518548418584 -0.7219954988945251 3.175526396292927e-05
0.7733260740242296 0.7156417952382602 -0.6984218779574745 -0.7156417952382602 3.185064925737002e-05
0.7823812971874406 0.7092880890073364 -0.7048734070043606 -0.7092880890073364 3.19434451928613e-05
0.7913547547739384 0.702934380404241 -0.7112096662203425 -0.702934380404241 3.203376022731241e-05
0.8002493259931571 0.6965806696128354 -0.7174337093627152 -0.6965806696128354 3.2121695894504754e-05
0.8090677410268671 0.6902269568003663 -0.7235484319735281 -0.6902269568003663 3.2207347377022355e-05
0.817812591738649 0.6838732421192266 -0.7295565825248189 -0.6838732421192266 3.229080402239459e-05
0.826486341417963 0.6775195257085007 -0.735460772566502 -0.6775195257085007 3.237214980611469e-05
0.8350913336630743 0.6711658076953244 -0.7412634859840197 -0.6711658076953244 3.2451463750915455e-05
0.8436298004940547 0.6648120881960846 -0.7469670874595155 -0.6648120881960846 3.2528820305022244e-05
0.852103869775879 0.6584583673174801 -0.7525738302188221 -0.6584583673174801 3.260428968504536e-05
0.8605155720219985 0.6521046451574616 -0.7580858631366802 -0.6521046451574616 3.2677938187841704e-05
0.8688668466404403 0.6457509218060664 -0.7635052372640733 -0.6457509218060664 3.274982847334407e-05
0.8771595476772804 0.6393971973461622 -0.7688339118341667 -0.6393971973461622 3.282001982285454e-05
0.8853954491060697 0.633043471854109 -0.7740737597969248 -0.633043471854109 3.2888568374356275e-05
0.8935762497063479 0.6266897454003519 -0.7792265729268777 -0.6266897454003519 3.295552733773022e-05
0.9017035775696199 0.6203360180499511 -0.7842940665436315 -0.6203360180499511 3.302094719215276e-05
0.90977899426701 0.6139822898630573 -0.7892778838804391 -0.6139822898630573 3.308487586639597e-05
0.917803998709156 0.6076285608953388 -0.794179600132394 -0.6076285608953388 3.314735890525e-05
0.925780030725702 0.6012748311983663 -0.7990007262125193 -0.6012748311983663 3.320843962145714e-05
0.9337084743889206 0.5949211008199593 -0.8037427122411085 -0.5949211008199593 3.326815923726523e-05
0.9415906611034992 0.5885673698044989 -0.808406950791115 -0.5885673698044989 3.3326557012991476e-05
0.9494278724823247 0.5822136381932107 -0.8129947799101113 -0.5822136381932107 3.338367036742618e-05
0.9572213430261393 0.5758599060244213 -0.8175074859373267 -0.5758599060244213 3.3439534988133346e-05
0.9649722626232078 0.5695061733337903 -0.8219463061324842 -0.5695061733337903 3.3494184933702265e-05
0.9726817788835928 0.5631524401545215 -0.8263124311315608 -0.5631524401545215 3.354765272878257e-05
0.980350999321254 0.5567987065175547 -0.8306070072431807 -0.5567987065175547 3.3599969452347e-05
0.9879809933959643 0.5504449724517405 -0.8348311385980788 -0.5504449724517405 3.36511648190152e-05
0.9955727944259313 0.5440912379839994 -0.8389858891629399 -0.5440912379839994 3.3701267254993006e-05
1.0031274013810325 0.5377375031394672 -0.8430722846288998 -0.5377375031394672 3.375030396940426e-05
1.0106457805656885 0.5313837679416282 -0.8470913141840843 -0.5313837679416282 3.3798301019349886e-05
1.0181288671996027 0.5250300324124363 -0.8510439321787404 -0.5250300324124363 3.3845283371802815e-05
1.0255775669038856 0.5186762965724265 -0.8549310596907742 -0.5186762965724265 3.3891274961062035e-05
1.032992757099436 0.5123225604408174 -0.8587535859988483 -0.5123225604408174 3.393629874182125e-05
1.0403752883238717 0.5059688240356041 -0.8625123699695838 -0.5059688240356041 3.398037673985055e-05
1.047725985472777 0.4996150873736452 -0.8662082413648743 -0.4996150873736452 3.402353009829273e-05
1.055045648970559 0.4932613504707415 -0.8698420020748231 -0.4932613504707415 3.406577912185016e-05
1.062335055875777 0.4869076133417091 -0.8734144272813704 -0.4869076133417091 3.410714331819609e-05
1.0695949609254125 0.48055387600044663 -0.8769262665572719 -0.48055387600044663 3.414764143594429e-05
1.0768260975222035 0.47420013845999714 -0.8803782449047209 -0.47420013845999714 3.418729150134192e-05
1.0840291786688314 0.4678464007326056 -0.8837710637375731 -0.4678464007326056 3.42261108524089e-05
1.091204897852465 0.46149266282977147 -0.8871054018108255 -0.46149266282977147 3.426411617030167e-05
1.098353929882894 0.45513892476229806 -0.8903819161007248 -0.45513892476229806 3.430132351051052e-05
1.105476931687239 0.44878518654033744 -0.8936012426386247 -0.44878518654033744 3.433774833011549e-05
1.112574543064008 0.44243144817343266 -0.8967639973014798 -0.44243144817343266 3.437340551537549e-05
1.119647387399054 0.43607770967055653 -0.8998707765616513 -0.43607770967055653 3.440830940626416e-05
1.126696072345815 0.4297239710401479 -0.9029221581985042 -0.4297239710401479 3.444247382072829e-05
1.133721190472034 0.423370232290145 -0.9059187019740982 -0.423370232290145 3.447591207689227e-05
1.1407233198750075 0.41701649342801667 -0.9088609502751082 -0.41701649342801667 3.45086370141523e-05
1.1477030247672642 0.4106627544607914 -0.9117494287229625 -0.4106627544607914 3.4540661013604534e-05
1.1546608560344396 0.40430901539508435 -0.9145846467540468 -0.40430901539508435 3.457199601641925e-05
1.1615973517669977 0.39795527623712224 -0.9173670981716923 -0.39795527623712224 3.4602653542215034e-05
1.168513037767331 0.391601536992767 -0.920097261671553 -0.391601536992767 3.4632644706156235e-05
1.175408428033669 0.3852477976675376 -0.9227756013418669 -0.3852477976675376 3.466198023405198e-05
1.1822840252221334 0.3788940582666302 -0.9254025671399914 -0.3788940582666302 3.4690670478620955e-05
1.1891403210881848 0.37254031879493743 -0.9279785953465194 -0.37254031879493743 3.4718725433591224e-05
1.1959777969086254 0.36618657925706605 -0.9305041089981892 -0.36618657925706605 3.474615474718945e-05
1.2027969238852507 0.35983283965735363 -0.9329795183007259 -0.35983283965735363 3.4772967735352545e-05
1.2095981635311683 0.353479099999884 -0.9354052210226775 -0.353479099999884 3.479917339388461e-05
1.21638196804074 0.34712536028850205 -0.9377816028712427 -0.34712536028850205 3.482478041028081e-05
1.2231487806440426 0.340771620526827 -0.9401090378510202 -0.340771620526827 3.484979717466308e-05
1.2298990359466904 0.3344178807182656 -0.942387888606556 -0.3344178807182656 3.487423179066029e-05
1.2366331602558036 0.32806414086602376 -0.9446185067495066 -0.32806414086602376 3.489809208501171e-05
1.243351571892869 0.321710400973118 -0.946801233171187 -0.321710400973118 3.4921385617558975e-05
1.2500546814941838 0.31535666104238597 -0.9489363983412259 -0.31535666104238597 3.494411968996136e-05
1.2567428922995432 0.30900292107649646 -0.9510243225930045 -0.30900292107649646 3.496630135468859e-05
1.2634166004297842 0.3026491810779585 -0.953065316396518 -0.3026491810779585 3.4987937423014426e-05
1.270076195153769 0.2962954410491304 -0.9550596806192564 -0.2962954410491304 3.5009034472677225e-05
1.276722059145354 0.2899417009922278 -0.9570077067756676 -0.2899417009922278 3.5029598855707e-05
1.2833545687308625 0.2835879609093316 -0.9589096772657353 -0.2835879609093316 3.504963670541983e-05
1.289974094127545 0.277234220802395 -0.9607658656031672 -0.277234220802395 3.5069153942857145e-05
1.2965809996734927 0.2708804806732508 -0.9625765366336647 -0.2708804806732508 3.508815628389117e-05
1.3031756440494335 0.2645267405236177 -0.9643419467437168 -0.2645267405236177 3.510664924455398e-05
1.309758380492826 0.25817300035510626 -0.9660623440603339 -0.25817300035510626 3.512463814775435e-05
1.3163295570046383 0.25181926016922507 -0.9677379686421156 -0.25181926016922507 3.514212812794071e-05
1.3228895165491823 0.24546551996738597 -0.9693690526620224 -0.24546551996738597 3.515912413704081e-05
1.3294385972473506 0.23911177975090933 -0.9709558205822002 -0.23911177975090933 3.517563094945775e-05
1.335977132563589 0.23275803952102886 -0.9724984893211885 -0.23275803952102886 3.5191653166677384e-05
1.3425054514869188 0.2264042992788963 -0.9739972684138225 -0.2264042992788963 3.52071952220423e-05
1.3490238787063065 0.22005055902558585 -0.9754523601641224 -0.22005055902558585 3.52222613852482e-05
1.3555327347806656 0.2136968187620982 -0.9768639597914477 -0.2136968187620982 3.5236855765952146e-05
1.3620323363037599 0.2073430784893646 -0.9782322555701772 -0.2073430784893646 3.5250982318324464e-05
1.3685229960642653 0.20098933820825052 -0.9795574289631618 -0.20098933820825052 3.526464484487901e-05
1.375005023201235 0.19463559791955923 -0.9808396547491829 -0.19463559791955923 3.527784699969283e-05
1.381478723355201 0.18828185762403515 -0.9820791011446373 -0.18828185762403515 3.5290592291903344e-05
1.3879443988151345 0.1819281173223671 -0.9832759299196541 -0.1819281173223671 3.530288408931659e-05
1.3944023486614778 0.17557437701519127 -0.9844302965088414 -0.17557437701519127 3.531472562101623e-05
1.400852868905451 0.1692206367030942 -0.9855423501168468 -0.1692206367030942 3.5326119981027304e-05
1.4072962526248265 0.16286689638661553 -0.9866122338189057 -0.16286689638661553 3.5337070130203596e-05
1.4137327900963603 0.15651315606625057 -0.9876400846565424 -0.15651315606625057 3.534757889961382e-05
1.420162768925054 0.15015941574245295 -0.9886260337285778 -0.15015941574245295 3.5357648993039614e-05
1.4265864741704228 0.1438056754156369 -0.9895702062775916 -0.1438056754156369 3.536728298864089e-05
1.4330041884699305 0.13745193508617962 -0.9904727217719731 -0.13745193508617962 3.537648334211996e-05
1.439416192159751 0.13109819475442344 -0.991333693983693 -0.13109819475442344 3.538525238849788e-05
1.4458227633930085 0.12474445442067801 -0.9921532310619157 -0.12474445442067801 3.539359234416839e-05
1.4522241782556407 0.11839071408522225 -0.9929314356025668 -0.11839071408522225 3.540150530845221e-05
1.4586207108800286 0.11203697374830633 -0.9936684047139616 -0.11203697374830633 3.540899326598401e-05
1.4650126335565283 0.10568323341015352 -0.9943642300785958 -0.10568323341015352 3.5416058088266755e-05
1.4714002168430351 0.09932949307096206 -0.9950189980111918 -0.09932949307096206 3.54227015348374e-05
1.4777837296727108 0.09297575273090682 -0.9956327895130869 -0.09297575273090682 3.542892525526531e-05
1.4841634394599943 0.086622012390141 -0.9962056803230454 -0.086622012390141 3.5434730790318e-05
1.4905396122050192 0.08026827204879784 -0.9967377409645698 -0.08026827204879784 3.544011957318238e-05
1.4969125125965514 0.07391453170699208 -0.9972290367897811 -0.07391453170699208 3.5445092930741495e-05
1.503282404113565 0.06756079136482156 -0.997679628019932 -0.06756079136482156 3.5449652084573735e-05
1.5096495491255628 0.061207051022368696 -0.9980895697826127 -0.061207051022368696 3.545379815217409e-05
1.5160142089917532 0.05485331067970193 -0.998458912145703 -0.05485331067970193 3.5457532147675774e-05
1.5223766441591882 0.048499570336877136 -0.9987877001481208 -0.048499570336877136 3.546085498296048e-05
1.5287371142599657 0.04214582999393903 -0.9990759738274094 -0.04214582999393903 3.546376746776936e-05
1.5350958782076012 0.03579208965092251 -0.9993237682442051 -0.03579208965092251 3.5466270311257375e-05
1.5414531942926646 0.02943834930785398 -0.9995311135036193 -0.02943834930785398 3.5468364121826745e-05
1.5478093202777852 0.0230846089647527 -0.9996980347735652 -0.0230846089647527 3.5470049408015125e-05
1.554164513492121 0.016730868621632047 -0.9998245523000565 -0.016730868621632047 3.5471326578662143e-05
1.5605190309253876 0.010377128278500812 -0.9999106814194979 -0.010377128278500812 3.5472195943409e-05
1.5668731293215454 0.004023387935364475 -0.999956432567987 -0.004023387935364475 3.5472657713198075e-05
1.573227065272237 -0.002330352407773539 -0.9999618112876394 0.002330352407773539 3.5472711999551265e-05
1.5795810953100715 -0.008684092750910602 -0.9999268182299452 0.008684092750910602 3.547235881584676e-05
1.5859354760018483 -0.015037833094043624 -0.9998514491561648 0.015037833094043624 3.5471598076486366e-05
1.592290464041817 -0.0213915734371678 -0.9997356949347602 0.0213915734371678 3.547042959717306e-05
1.5986463163450648 -0.027745313780275338 -0.9995795415358625 0.027745313780275338 3.546885309452241e-05
1.6050032901411273 -0.034099054123354205 -0.9993829700227638 0.034099054123354205 3.5466868186062595e-05
1.611361643067917 -0.040452794466386846 -0.9991459565404247 0.040452794466386846 3.546447438995681e-05
1.6177216332660664 -0.04680653480934888 -0.9988684723009793 0.04680653480934888 3.546167112450371e-05
1.6240835194737802 -0.05316027515220781 -0.9985504835662176 0.05316027515220781 3.5458457707304714e-05
1.6304475611222946 -0.059514015494921656 -0.9981919516270199 0.059514015494921656 3.545483335570809e-05
1.6368140184320432 -0.06586775583743766 -0.9977928327797159 0.06586775583743766 3.54507971848661e-05
1.643183152509628 -0.07222149617969087 -0.9973530782993306 0.07222149617969087 3.5446348208123535e-05
1.6495552254456982 -0.07857523652160273 -0.9968726344096838 0.07857523652160273 3.544148533557445e-05
1.6559305004138394 -0.08492897686307964 -0.9963514422502953 0.08492897686307964 3.5436207373507056e-05
1.66230924177058 -0.09128271720401152 -0.9957894378400517 0.09128271720401152 3.543051302312694e-05
1.668691715156621 -0.09763645754427022 -0.9951865520375799 0.09763645754427022 3.5424400879613405e-05
1.6750781875993999 -0.10399019788370802 -0.9945427104982697 0.10399019788370802 3.541786943106473e-05
1.6814689276171024 -0.11034393822215596 -0.9938578336278839 0.11034393822215596 3.5410917057165925e-05
1.687864205324238 -0.11669767855942222 -0.9931318365326863 0.11669767855942222 3.5403542027689916e-05
1.6942642925388964 -0.12305141889529037 -0.9923646289660134 0.12305141889529037 3.5395742501165284e-05
1.700669462891811 -0.12940515922951756 -0.9915561152712118 0.12940515922951756 3.538751652332195e-05
1.7070799919373534 -0.13575889956183274 -0.9907061943208539 0.13575889956183274 3.537886202531482e-05
1.7134961572665903 -0.14211263989193465 -0.9898147594521414 0.14211263989193465 3.536977682244702e-05
1.7199182386225396 -0.14846638021948988 -0.9888816983983976 0.14846638021948988 3.5360258611283335e-05
1.7263465180177613 -0.15482012054413072 -0.9879068932165438 0.15482012054413072 3.535030496859548e-05
1.7327812798544335 -0.161173860865453 -0.9868902202104476 0.161173860865453 3.5339913348919616e-05
1.7392228110470604 -0.16752760118301385 -0.985831549850024 0.16752760118301385 3.532908108239141e-05
1.7456714011479681 -0.1738813414963293 -0.9847307466859624 0.1738813414963293 3.531780537191498e-05
1.752127342475754 -0.1802350818048718 -0.9835876692599435 0.1802350818048718 3.530608329160856e-05
1.758590930246855 -0.18658882210806754 -0.9824021700102038 0.18658882210806754 3.529391178325181e-05
1.7650624627104148 -0.19294256240529384 -0.9811740951722948 0.19294256240529384 3.528128765395433e-05
1.7715422412866295 -0.1992963026958762 -0.9799032846748741 0.1992963026958762 3.526820757315807e-05
1.7780305707087682 -0.20565004297908535 -0.9785895720303589 0.20565004297908535 3.525466806969524e-05
1.7845277591690658 -0.212003783254134 -0.977232784220258 0.212003783254134 3.5240665528402104e-05
1.7910341184687 -0.21835752352017357 -0.9758327415749912 0.21835752352017357 3.5226196186566305e-05
1.7975499641720711 -0.22471126377629072 -0.9743892576479893 0.22471126377629072 3.52112561312623e-05
1.8040756157656161 -0.23106500402150365 -0.972902139083862 0.23106500402150365 3.519584129402231e-05
1.8106113968213966 -0.23741874425475812 -0.9713711854803996 0.23741874425475812 3.517994744844932e-05
1.8171576351657164 -0.2437724844749235 -0.9697961892441693 0.2437724844749235 3.5163570205221095e-05
1.8237146630530345 -0.2501262246807883 -0.9681769354394472 0.2501262246807883 3.514670500820438e-05
1.830282817345452 -0.2564799648710558 -0.9665132016302121 0.2564799648710558 3.512934712945892e-05
1.8368624396980682 -0.26283370504433895 -0.9648047577149149 0.26283370504433895 3.511149166485206e-05
1.8434538767505184 -0.26918744519915555 -0.9630513657537139 0.26918744519915555 3.5093133529007225e-05
1.8500574803250156 -0.2755411853339227 -0.9612527797878543 0.2755411853339227 3.507426744991937e-05
1.856673607631244 -0.28189492544695105 -0.9594087456508468 0.28189492544695105 3.5054887963403836e-05
1.8633026214784665 -0.28824866553643896 -0.9575190007710798 0.28824866553643896 3.503498940760075e-05
1.8699448904952294 -0.29460240560046586 -0.9555832739654798 0.29460240560046586 3.501456591670227e-05
1.876600789357071 -0.3009561456369856 -0.953601285223809 0.3009561456369856 3.499361141451329e-05
1.883270699022661 -0.30730988564381917 -0.9515727454831641 0.30730988564381917 3.497211960812319e-05
1.8899550069788251 -0.3136636256186471 -0.9494973563922147 0.3136636256186471 3.4950083980467284e-05
1.896654107494934 -0.3200173655590013 -0.9473748100646914 0.3200173655590013 3.492749778322146e-05
1.9033684018871666 -0.3263711054622565 -0.9452047888216004 0.3263711054622565 3.4904354029197115e-05
1.9100982987931847 -0.332724845325621 -0.9429869649216123 0.332724845325621 3.488064548379244e-05
1.9168442144577915 -0.339078585146127 -0.9407210002790344 0.339078585146127 3.4856364656887795e-05
1.9236065730301815 -0.3454323249206199 -0.9384065461687422 0.3454323249206199 3.48315037937974e-05
1.9303858068734254 -0.35178606464574785 -0.9360432429174019 0.35178606464574785 3.48060548656659e-05
1.937182356886876 -0.3581398043179493 -0.9336307195802749 0.3581398043179493 3.478000955958738e-05
1.9439966728422238 -0.36449354393344086 -0.931168593602847 0.36449354393344086 3.475335926839129e-05
1.9508292137339764 -0.3708472834882037 -0.9286564704664803 0.3708472834882037 3.472609507959579e-05
1.9576804481451917 -0.3772010229779694 -0.9260939433172242 0.3772010229779694 3.469820776369481e-05
1.964550854629341 -0.3835547623982045 -0.9234805925768728 0.3835547623982045 3.466968776238977e-05
1.9714409221092462 -0.38990850174409425 -0.9208159855352888 0.38990850174409425 3.4640525175266834e-05
1.9783511502940871 -0.3962622410105251 -0.9180996759229486 0.3962622410105251 3.461070974664082e-05
1.9852820501155592 -0.40261598019206607 -0.9153312034625931 0.40261598019206607 3.458023085139983e-05
1.9922341441843163 -0.40896971928294873 -0.912510093398789 0.40896971928294873 3.4549077479739676e-05
1.9992079672679308 -0.41532345827704575 -0.909635856004122 0.41532345827704575 3.4517238221676294e-05
2.0062040667916783 -0.42167719716784785 -0.9067079860606547 0.42167719716784785 3.448470124978176e-05
2.013223003363552 -0.4280309359484393 -0.9037259623151803 0.4280309359484393 3.445145430219787e-05
2.0202653513250137 -0.43438467461147123 -0.9006892469067006 0.43438467461147123 3.44174846633738e-05
2.027331699329095 -0.4407384131491335 -0.8975972847644393 0.4407384131491335 3.438277914485921e-05
2.0344226509475862 -0.4470921515531238 -0.8944495029745785 0.4470921515531238 3.4347324064043505e-05
2.041538825309179 -0.4534458898146151 -0.8912453101137685 0.4534458898146151 3.431110522228442e-05
2.0486808577705617 -0.4597996279242199 -0.8879840955473167 0.4597996279242199 3.427410788142682e-05
2.0558494006226398 -0.46615336587195244 -0.8846652286897978 0.46615336587195244 3.4236316738711636e-05
2.0630451238341942 -0.4725071036471872 -0.8812880582256541 0.4725071036471872 3.4197715901129744e-05
2.0702687158354984 -0.4788608412386148 -0.877851911287167 0.4788608412386148 3.415828885705574e-05
2.0775208843445996 -0.4852145786341939 -0.8743560925869669 0.4852145786341939 3.411801844654949e-05
2.084802357239189 -0.49156831582109967 -0.8707998835020293 0.49156831582109967 3.4076886829936814e-05
2.092113883477232 -0.4979220527856672 -0.8671825411058496 0.4979220527856672 3.4034875454391766e-05
2.0994562340697804 -0.5042757895133312 -0.8635032971452221 0.5042757895133312 3.399196501840951e-05
2.1068302031096837 -0.5106295259885602 -0.8597613569577499 0.5106295259885602 3.39481354334481e-05
2.1142366088602267 -0.516983262194785 -0.8559558983258836 0.516983262194785 3.390336578390496e-05
2.1216762949080663 -0.5233369981143212 -0.8520860702629303 0.5233369981143212 3.385763428381816e-05
2.129150131385225 -0.5296907337282853 -0.8481509917260778 0.5296907337282853 3.3810918230736675e-05
2.1366590162653094 -0.5360444690165027 -0.8441497502510458 0.5360444690165027 3.376319395631544e-05
2.1442038767395974 -0.5423982039574079 -0.8400814005024925 0.5423982039574079 3.371443677446795e-05
2.151785670679135 -0.5487519385279359 -0.835944962733782 0.5487519385279359 3.3664620924078736e-05
2.1594053881895574 -0.5551056727034035 -0.8317394211491258 0.5551056727034035 3.361371950949543e-05
2.167064053265974 -0.5614594064573794 -0.8274637221604682 0.5614594064573794 3.3561704435469686e-05
2.1747627255559494 -0.5678131397615422 -0.8231167725307655 0.5678131397615422 3.350854633765721e-05
2.1825025022393807 -0.5741668725855253 -0.8186974373945113 0.5741668725855253 3.3454214508676916e-05
2.1902845200349423 -0.5805206048967462 -0.8142045381454718 0.5805206048967462 3.339867681745323e-05
2.1981099573437053 -0.5868743366602194 -0.8096368501806114 0.5868743366602194 3.334189962289624e-05
2.205980036541625 -0.5932280678383507 -0.8049931004880816 0.5932280678383507 3.32838476813091e-05
2.213896026433772 -0.5995817983907111 -0.8002719650659202 0.5995817983907111 3.322448404563527e-05
2.2218592448845165 -0.6059355282737867 -0.7954720661567268 0.6059355282737867 3.3163769957489375e-05
2.229871061639379 -0.6122892574407036 -0.7905919692820388 0.6122892574407036 3.310166472980658e-05
2.237932901355942 -0.618642985840923 -0.7856301800583959 0.618642985840923 3.3038125619944125e-05
2.2460462468631053 -0.6249967134199045 -0.7805851407751322 0.6249967134199045 3.297310769245776e-05
2.254212642670108 -0.6313504401187314 -0.7754552267117332 0.6313504401187314 3.2906563669332645e-05
2.2624336987491587 -0.6377041658736964 -0.7702387421701125 0.6377041658736964 3.2838443768057335e-05
2.270711094618233 -0.6440578906158385 -0.7649339161943511 0.6440578906158385 3.276869552498729e-05
2.279046583753716 -0.650411614270429 -0.7595388979472543 0.650411614270429 3.269726360255465e-05
2.2874419983660803 -0.656765336756396 -0.754051751709456 0.656765336756396 3.2624089579269544e-05
2.295899254575811 -0.6631190579856818 -0.7484704514626764 0.6631190579856818 3.254911171962638e-05
2.304420358031383 -0.6694727778625218 -0.7427928750140199 0.6694727778625218 3.24722647225828e-05
2.313007410016343 -0.6758264962826356 -0.7370167976128134 0.6758264962826356 3.239347944505866e-05
2.321662614098588 -0.6821802131323161 -0.7311398850052914 0.6821802131323161 3.2312682598512055e-05
2.330388283381869 -0.6885339282874031 -0.7251596858653188 0.6885339282874031 3.222979641470669e-05
2.3391868484275635 -0.6948876416121217 -0.71907362353113 0.6948876416121217 3.2144738277062324e-05
2.3480608659240194 -0.7012413529577681 -0.7128789869685688 0.7012413529577681 3.2057420312980867e-05
2.3570130281915485 -0.7075950621612164 -0.7065729208702943 0.7075950621612164 3.196774894259624e-05
2.3660461736236478 -0.7139487690432177 -0.7001524147876077 0.7139487690432177 3.187562437800828e-05
2.375163298179664 -0.7203024734064601 -0.6936142911765901 0.7203024734064601 3.1780940066117314e-05
2.384367568061237 -0.7266561750333469 -0.6869551922227323 0.7266561750333469 3.168358206739885e-05
2.3936623337249903 -0.7330098736834457 -0.6801715652876523 0.7330098736834457 3.158342836195871e-05
2.403051145407704 -0.7393635690905527 -0.6732596467972352 0.7393635690905527 3.148034807087807e-05
2.412537770368309 -0.7457172609592995 -0.6662154443618016 0.7457172609592995 3.1374200583633716e-05
2.422126212084496 -0.7520709489612224 -0.659034716884794 0.7520709489612224 3.12648345729416e-05
2.4318207316816336 -0.7584246327301902 -0.6517129523757454 0.7584246327301902 3.115208688270199e-05
2.4416258719195247 -0.7647783118570676 -0.6442453431345219 0.7647783118570676 3.1035781268062834e-05
2.4515464841201453 -0.7711319858834619 -0.63662675791511 0.7711319858834619 3.091572696212186e-05
2.4615877584891903 -0.7774856542943672 -0.6288517106062258 0.7774856542943672 3.079171704167827e-05
2.471755258369 -0.7838393165094727 -0.6209143248797298 0.7838393165094727 3.066352655600735e-05
2.482054959064004 -0.7901929718728474 -0.6128082941524247 0.7901929718728474 3.0530910376358467e-05
2.4924932920071154 -0.79654661964064 -0.6045268360773074 0.79654661964064 3.0393600714939684e-05
2.5030771951928745 -0.8029002589663361 -0.5960626406203369 0.8029002589663361 3.0251304250772382e-05
2.513814170998892 -0.809253888882995 -0.5874078105798226 0.809253888882995 3.0103698784200716e-05
2.524712352762242 -0.8156075082817231 -0.5785537931565463 0.8156075082817231 2.995042932563141e-05
2.5357805817865087 -0.8219611158854299 -0.5694913008689285 0.8219611158854299 2.9791103497212035e-05
2.5470284968477412 -0.8283147102166225 -0.5602102197091278 0.8283147102166225 2.9625286101730985e-05
2.5584666387702213 -0.8346682895576143 -0.5506995019260832 0.8346682895576143 2.9452492665227314e-05
2.5701065732919406 -0.8410218519009898 -0.540947040163449 0.8410218519009898 2.9272181716777368e-05
2.581961036285354 -0.8473753948874501 -0.5309395188233318 0.8473753948874501 2.908374549348558e-05
2.594044106511627 -0.8537289157271488 -0.5206622373996458 0.8537289157271488 2.8886498670832594e-05
2.6063714125659887 -0.8600824110992052 -0.5100988990270356 0.8600824110992052 2.8679664591857446e-05
2.618960382661187 -0.8664358770220405 -0.49923135547804987 0.8664358770220405 2.8462358298231294e-05
2.631830548604263 -0.8727893086842222 -0.48803929710184174 0.8727893086842222 2.823356542880351e-05
2.645003919058128 -0.8791427002211322 -0.47649987242019454 0.8791427002211322 2.7992115717467847e-05
2.658505442409573 -0.8854960444162117 -0.4645872168114018 0.8854960444162117 2.773664933902742e-05
2.672363587004288 -0.8918493322954922 -0.4522718621987922 0.8918493322954922 2.746557366073432e-05
2.686611077277457 -0.8982025525684184 -0.4395199887897592 0.8982025525684184 2.71770069137367e-05
2.7012858402007667 -0.904555690842833 -0.4262924638747079 0.904555690842833 2.68687037379145e-05
2.7164322404339574 -0.9109087285007076 -0.41254358852246065 0.9109087285007076 2.653795511742274e-05
2.7321027195986525 -0.9172616410513629 -0.39821943567967133 0.9172616410513629 2.6181451362405905e-05
2.7483600138838065 -0.9236143956568486 -0.3832556039440445 0.9236143956568486 2.5795090460023484e-05
2.76528022047089 -0.9299669473026081 -0.36757411431962544 0.9299669473026081 2.537370340555123e-05
2.7829571466369147 -0.9363192326668418 -0.3510790128156295 0.9363192326668418 2.491064928977771e-05
2.8015086642615987 -0.9426711599060891 -0.3336499511234151 0.9426711599060891 2.439719832564302e-05
2.8210863285469916 -0.9490225908090707 -0.31513247853227666 0.9490225908090707 2.382155407165687e-05
2.8418905736857427 -0.9553733077706058 -0.2953227189746346 0.9553733077706058 2.3167228440146292e-05
2.8641960206653447 -0.9617229481633371 -0.27394187452887064 0.9617229481633371 2.2410177813847465e-05
2.8883965462404437 -0.9680708615580749 -0.25059086230545546 0.9680708615580749 2.1513365607461754e-05
2.91509292478968 -0.9744157596599844 -0.22466218322202333 0.9744157596599844 2.0415378084726044e-05
2.9452852350079626 -0.980754703176554 -0.19514662665023155 0.980754703176554 1.9003152052332606e-05
2.9808783954617195 -0.987079342509527 -0.16012591018299638 0.987079342509527 1.703223951343702e-05
3.0264761741523967 -0.9933545816543886 -0.1149742162902287 0.9933545816543886 1.3802347341163035e-05
3.101714511954881 -0.999193456057492 -0.04001621511570664 0.999193456057492 5.569949849126843e-06
3.25219118755985 -0.9939024795077931 0.10994101015711319 0.9939024795077931 3.541775694720917e-05
3.3274295253623345 -0.982817555354397 0.1843035750190634 0.982817555354397 5.0922561199651106e-05
3.381124558435045 -0.9715045603491316 0.2367722703377786 0.9715045603491316 5.889060996722151e-05
3.425125447012552 -0.9601459156656418 0.2792694390206856 0.9601459156656418 6.420052982891722e-05
3.463344622563105 -0.9487712227976202 0.31574805863387895 0.9487712227976202 6.816513002261271e-05
3.49762675708893 -0.9373891766893975 0.348078860910128 0.9373891766893975 7.131900654067103e-05
3.529011368797839 -0.9260031955076128 0.377319783941501 0.9260031955076128 7.393127801441635e-05
3.5581515225403284 -0.9146148818534013 0.4041377308192534 0.9146148818534013 7.615621027667885e-05
3.58548883889629 -0.9032250818035815 0.42898516390475383 0.9032250818035815 7.809037526246287e-05
3.6113382987609026 -0.8918342819767469 0.452185821394072 0.8918342819767469 7.979821059439507e-05
3.63593382432993 -0.8804427809838221 0.47398086430279596 0.8804427809838221 8.132484412398666e-05
3.6594547404632864 -0.8690507716069736 0.49455570986596364 0.8690507716069736 8.270310414826287e-05
3.682042081508985 -0.8576583834952407 0.5140565941524756 0.8576583834952407 8.395761434376592e-05
3.7038091313277826 -0.8462657068179517 0.5326012944331238 0.8462657068179517 8.510731603683652e-05
3.724848507026313 -0.8348728060740813 0.550286346820126 0.8348728060740813 8.616709067471584e-05
3.7452370772707892 -0.8234797285141395 0.5671920653909046 0.8234797285141395 8.714884193938843e-05
3.765039472572106 -0.8120865094696077 0.5833861299839255 0.8120865094696077 8.806223992358087e-05
3.7843106506184636 -0.8006931758339045 0.5989262122164416 0.8006931758339045 8.891524654097704e-05
3.803097809925307 -0.7892997483992673 0.6138619373986027 0.7892997483992673 8.971449504363571e-05
3.8214418432692137 -0.7779062434637177 0.6282363768843554 0.7779062434637177 9.046556969261044e-05
3.839378459273917 -0.7665126739597868 0.6420872014204679 0.7665126739597868 9.11732155244871e-05
3.856939060251353 -0.7551190502624209 0.6554475851923048 0.7551190502624209 9.184149817786924e-05
3.874151438035903 -0.7437253807771036 0.6683469234859655 0.7437253807771036 9.247392739863969e-05
3.891040331886937 -0.7323316723745444 0.6808114089303395 0.7323316723745444 9.307355369447823e-05
3.907627880455884 -0.7209379307164133 0.6928644989928624 0.7209379307164133 9.364304485293129e-05
3.923933991399656 -0.7095441605025056 0.7045272988341098 0.7095441605025056 9.418474715378045e-05
3.939976646261441 -0.698150365660445 0.7158188775511377 0.698150365660445 9.470073480816188e-05
3.9557721539522652 -0.6867565494928177 0.7267565314658271 0.6867565494928177 9.519285023967816e-05
3.971335363039258 -0.6753627147923954 0.7373560049215728 0.6753627147923954 9.566273717154239e-05
3.986679840735896 -0.6639688639331753 0.7476316766906517 0.6639688639331753 9.611186800673188e-05
4.001818024762052 -0.6525749989429084 0.757596718328014 0.6525749989429084 9.654156664340441e-05
4.01676135293605 -0.6411811215613236 0.7672632294709206 0.6411811215613236 9.695302760825975e-05
4.03152037436408 -0.6297872332872034 0.7766423540626994 0.6297872332872034 9.734733219912695e-05
4.046104845324055 -0.6183933354166993 0.7857443806912332 0.6183933354166993 9.772546218000944e-05
4.060523812343637 -0.6069994290747115 0.794578829619851 0.6069994290747115 9.80883114609643e-05
4.074785684503899 -0.5956055152407395 0.8031545286074144 0.5956055152407395 9.843669610759553e-05
4.0888982966302025 -0.584211594770293 0.8114796792341955 0.584211594770293 9.87713629590492e-05
4.102868964737523 -0.5728176684127193 0.8195619151473889 0.5728176684127193 9.909299708005248e-05
4.11670453486172 -0.5614237368261163 0.827408353397364 0.5614237368261163 9.94022282312379e-05
4.130411426218163 -0.5500298005898678 0.8350256398399115 0.5500298005898678 9.969963650829916e-05
4.143995669474941 -0.5386358602152234 0.8424199894207501 0.5386358602152234 9.998575727482306e-05
4.157462940802167 -0.527241916154266 0.8495972220287642 0.527241916154266 0.00010026108549238133
4.17081859225573 -0.5158479688075424 0.8565627944979081 0.5158479688075424 0.00010052607953364712
4.184067678968855 -0.5044540185305785 0.8633218292498164 0.5044540185305785 0.00010078116455081165
4.197214983554396 -0.49306006563946436 0.8698791399962914 0.49306006563946436 0.00010102673545975271
4.210265038062215 -0.4816661104156554 0.8762392548601504 0.4816661104156554 0.00010126315959102516
4.223222143787013 -0.47027215311011417 0.8824064372221423 0.47027215311011417 0.00010149077905136084
4.2360903891808555 -0.4588781939468942 0.8883847045589938 0.4588781939468942 0.00010170991283298125
4.24887366609004 -0.44748423312624935 0.8941778455016719 0.44748423312624935 0.00010192085870036616
4.2615756845066155 -0.43609027082733937 0.8997894353124894 0.43609027082733937 0.00010212389488462037
4.27419998600001 -0.4246963072105905 0.9052228499537986 0.4246963072105905 0.00010231928160514547
4.286749955973027 -0.41330234241975977 0.9104812788989436 0.41330234241975977 0.00010250726244187547
4.299228834868364 -0.40190837658374534 0.915567736817256 0.40190837658374534 0.00010268806557311994
4.311639728436271 -0.39051440981817714 0.9204850742486653 0.39051440981817714 0.0001028619048949464
4.323985617160623 -0.3791204422268181 0.9252359873695306 0.3791204422268181 0.00010302898103586866
4.336269364929137 -0.36772647390280094 0.9298230269392451 0.36772647390280094 0.000103189482276278
4.3484937270235235 -0.3563325049297223 0.9342486065067153 0.3563325049297223 0.00010334358538510724
4.360661357496697 -0.34493853538261243 0.9385150099467444 0.34493853538261243 0.0001034914563802225
4.372774815996673 -0.3335445653287966 0.9426243983884459 0.3335445653287966 0.0001036332512223126
4.384836574090217 -0.3221505948286613 0.9465788165909095 0.3221505948286613 0.0001037691164465504
4.396849021133584 -0.3107566239363377 0.9503801988152992 0.3107566239363377 0.00010389918974096357
4.4088144697326905 -0.29936265270031154 0.954030374237259 0.29936265270031154 0.000104023600474068
4.420735160830643 -0.28796868116396956 0.9575310719388312 0.28796868116396956 0.00010414247017842548
4.432613268456705 -0.2765747093660886 0.9608839255149801 0.2765747093660886 0.00010425591299284553
4.444450904167348 -0.265180737341275 0.9640904773261695 0.265180737341275 0.0001043640360681719
4.456250121207055 -0.2537867651203603 0.9671521824252193 0.2537867651203603 0.0001044669399392073
4.468012918413866 -0.24239279273075715 0.9700704121838031 0.24239279273075715 0.00010456471886532981
4.479741243892313 -0.23099882019678095 0.9728464576413938 0.23099882019678095 0.00010465746114352026
4.491436998474314 -0.21960484753994086 0.9754815325971928 0.21960484753994086 0.00010474524939552143
4.5031020389867145 -0.20821087477920336 0.9779767764635401 0.20821087477920336 0.0001048281608309054
4.514738181342561 -0.19681690193123155 0.9803332568974773 0.19681690193123155 0.0001049062674883805
4.526347203471695 -0.18542292901060303 0.9825519722254975 0.18542292901060303 0.00010497963645700326
4.537930848104973 -0.17402895603000842 0.9846338536750336 0.17402895603000842 0.00010504833007890513
4.549490825425242 -0.16263498300043303 0.9865797674249058 0.16263498300043303 0.00010511240613375605
4.56102881559719 -0.15124100993132306 0.9883905164857343 0.15124100993132306 0.00010517191800840653
4.572546471187249 -0.13984703683073865 0.9900668424202285 0.13984703683073865 0.00010522691485026492
4.58404541948393 -0.12845306370549464 0.9916094269122587 0.12845306370549464 0.00010527744170696351
4.595527264728223 -0.11705909056129098 0.9930188931927009 0.11705909056129098 0.00010532353965336805
4.606993590263069 -0.10566511740283352 0.9942958073292045 0.10566511740283352 0.00010536524590537555
4.618445960610328 -0.09427114423394671 0.99544067938626 0.09427114423394671 0.00010540259392177731
4.6298859234831715 -0.08287717105767896 0.9964539644612215 0.08287717105767896 0.00010543561349551922
4.641315011741372 -0.07148319787640166 0.9973360636012794 0.07148319787640166 0.00010546433083408191
4.652734745296595 -0.060089224691902796 0.998087324605752 0.060089224691902796 0.00010548876862914724
4.664146632974456 -0.04869525150547584 0.9987080427174817 0.04869525150547584 0.00010550894611760508
4.675552174339809 -0.03730127831800472 0.999198461206571 0.03730127831800472 0.00010552487913173536
4.686952861491517 -0.02590730513004555 0.9995587718491679 0.02590730513004555 0.00010553658014095246
4.698350180832728 -0.014513331941905763 0.99978911530351 0.014513331941905763 0.00010554405828439029
4.709745614822546 -0.003119358753721326 0.9998895813849524 0.003119358753721326 0.00010554731939510509
4.721140643714849 0.00827461443446742 0.9998602092412379 -0.00827461443446742 0.00010554636601445289
4.732536747289944 0.019668587622640638 0.9997009874288065 -0.019668587622640638 0.00010554119739986101
4.7439354065846775 0.031062560810724057 0.9994118538904952 -0.031062560810724057 0.00010553180952171948
4.7553381056266275 0.04245653399851359 0.9989926958345221 -0.04245653399851359 0.00010551819505355553
4.766746333178034 0.05385050718559895 0.9984433495142065 -0.05385050718559895 0.00010550034335282676
4.778161584495168 0.06524448037128565 0.9977635999074201 -0.06524448037128565 0.00010547824043327658
4.7895853631089516 0.07663845355451476 0.9969531802942989 -0.07663845355451476 0.00010545186892785274
4.801019182632779 0.08803242673377983 0.9960117717312758 -0.08803242673377983 0.00010542120804335475
4.812464568603656 0.09942639990704015 0.9949390024189998 -0.09942639990704015 0.00010538623350542231
4.823923060362996 0.11082037307162992 0.9937344469611978 -0.11082037307162992 0.00010534691749353176
4.8353962129836825 0.12221434622416226 0.9923976255109981 -0.12221434622416226 0.00010530322856666663
4.846885599250292 0.13360831936042736 0.9909280028006705 -0.13360831936042736 0.00010525513157821909
4.858392811699753 0.145002292475284 0.9893249870501366 -0.145002292475284 0.00010520258757962253
4.8699194647301045 0.15639626556254338 0.9875879287489615 -0.15639626556254338 0.00010514555371327061
4.881467196785513 0.16779023861484388 0.9857161193058516 -0.16779023861484388 0.0001050839830929462
4.8930376726262095 0.17918421162351642 0.9837087895589406 -0.17918421162351642 0.00010501782467137177
4.90463258569264 0.1905781845784381 0.9815651081393423 -0.1905781845784381 0.00010494702309399306
4.916253660573781 0.2019721574678735 0.9792841796795734 -0.2019721574678735 0.00010487151853877386
4.927902655590358 0.21336613027830173 0.976865042857499 -0.21336613027830173 0.00010479124653972605
4.939581365504547 0.22476010299422727 0.9743066682654059 -0.22476010299422727 0.00010470613779428595
4.95129162436873 0.23615407559797308 0.9716079560926624 -0.23615407559797308 0.00010461611795298253
4.963035308526942 0.24754804806945327 0.968767733609159 -0.24754804806945327 0.00010452110738856657
4.97481433978388 0.2589420203859232 0.9657847524353267 -0.2589420203859232 0.00010442102094543326
4.986630688757725 0.2703359925217038 0.9626576855829767 -0.2703359925217038 0.00010431576766600781
4.998486378434547 0.2817299644478775 0.9593851242494923 -0.2817299644478775 0.00010420525049198437
5.010383487943819 0.29312393613195115 0.9559655743459771 -0.29312393613195115 0.00010408936593903073
5.02232415657652 0.3045179075374828 0.9523974527378304 -0.3045179075374828 0.00010396800374262716
5.034310588069487 0.3159118786236673 0.9486790831738219 -0.3159118786236673 0.00010384104647098713
5.0463450551821865 0.32730584934487467 0.9448086918770506 -0.32730584934487467 0.00010370836910328363
5.058429904594871 0.33869981965013607 0.940784402768151 -0.33869981965013607 0.00010356983856935065
5.070567562160276 0.35009378948256986 0.9366042322877051 -0.35009378948256986 0.0001034253132463081
5.082760538544601 0.3614877587787395 0.9322660837809693 -0.3614877587787395 0.00010327464240927897
5.0950114352976446 0.37288172746793385 0.9277677414036726 -0.37288172746793385 0.00010311766562881575
5.1073229513966005 0.38427569547135965 0.923106863502692 -0.38427569547135965 0.0001029542121125937
5.1196978903133585 0.39566966270123277 0.9182809754197945 -0.39566966270123277 0.00010278409998176752
5.132139167661233 0.4070636290597544 0.9132874616602091 -0.4070636290597544 0.00010260713547738387
5.144649819484005 0.4184575944379549 0.9081235573604648 -0.4184575944379549 0.00010242311208730204
5.15723301125818 0.42985155871438535 0.9027863389815128 -0.42985155871438535 0.00010223180958512934
5.169892047688565 0.4412455217536341 0.8972727141434896 -0.4412455217536341 0.00010203299296934754
5.182630383387917 0.45263948340464055 0.8915794105073283 -0.45263948340464055 0.00010182641129258263
5.195451634543722 0.46403344349877496 0.8857029635955502 -0.46403344349877496 0.00010161179636436479
5.208359591689468 0.47542740184764526 0.8796397034296314 -0.47542740184764526 0.00010138886131383362
5.221358233714395 0.4868213582405872 0.8733857398439727 -0.4868213582405872 0.00010115729899312642
5.234451743265177 0.49821531244178396 0.8669369463162472 -0.49821531244178396 0.00010091678019796824
5.24764452371573 0.5096092641869515 0.8602889421301804 -0.5096092641869515 0.00010066695168453599
5.260941217908125 0.521003213179514 0.8534370726589756 -0.521003213179514 0.00010040743395012264
5.2743467288992045 0.5323971590861771 0.8463763875247683 -0.5323971590861771 0.00010013781874551597
5.287866242984842 0.5437911015317887 0.8391016163506569 -0.5437911015317887 9.985766627945702e-05
5.301505255318338 0.5551850400933535 0.8316071417757357 -0.5551850400933535 9.956650206643936e-05
5.315269598492463 0.5665789742930379 0.8238869693485362 -0.5665789742930379 9.926381336655687e-05
5.329165474518354 0.5779729035899654 0.8159346938484047 -0.5779729035899654 9.894904514734515e-05
5.343199490711057 0.5893668273705565 0.8077434615050618 -0.5893668273705565 9.862159549267613e-05
5.357378700084272 0.6007607449371113 0.7993059274907686 -0.6007607449371113 9.82808103646704e-05
5.3717106469695635 0.6121546554942574 0.7906142079431013 -0.6121546554942574 9.792597760482913e-05
5.386203418713114 0.623548558132791 0.7816598256341672 -0.623548558132791 9.755632004032622e-05
5.400865704472452 0.6349424518103215 0.772433648227495 -0.6349424518103215 9.71709875300375e-05
5.415706862344971 0.6463363353279705 0.762925817848181 -0.6463363353279705 9.676904774669204e-05
5.4307369963204755 0.6577302073021715 0.7531256704238288 -0.6577302073021715 9.634947545045236e-05
5.445967044876139 0.669124066130348 0.7430216429184956 -0.669124066130348 9.591113994461553e-05
5.461408883443368 0.6805179099488912 0.73260116615941 -0.6805179099488912 9.545279033273957e-05
5.477075443498403 0.6919117365813757 0.7218505404200715 -0.6919117365813757 9.497303809791191e-05
5.492980851697133 0.7033055434743103 0.7107547902374677 -0.7033055434743103 9.447033639919944e-05
5.5091405933380075 0.7146993276168312 0.6992974940562998 -0.7146993276168312 9.394295531439667e-05
5.525571705561866 0.72609308543953 0.6874605831411931 -0.72609308543953 9.338895203708786e-05
5.542293007177506 0.7374868126859007 0.6752241026836215 -0.7374868126859007 9.280613474471622e-05
5.559325373969516 0.7488805042474832 0.6625659260187889 -0.7488805042474832 9.219201845001024e-05
5.576692070990661 0.7602741539503232 0.6494614101653037 -0.7602741539503232 9.154377060777152e-05
5.594419156942512 0.7716677542753416 0.6358829772251243 -0.7716677542753416 9.085814348153143e-05
5.612535980715934 0.7830612959877745 0.621799601115606 -0.7830612959877745 9.013138921010189e-05
5.631075797116278 0.7944547676396595 0.607176172021483 -0.7944547676396595 8.935915197649802e-05
5.650076538686286 0.8058481548921963 0.5919727008891048 -0.8058481548921963 8.853632945060586e-05
5.669581794850206 0.8172414395779404 0.5761433117305383 -0.8172414395779404 8.765689237166807e-05
5.68964207071858 0.8286345983797163 0.5596349480472499 -0.8286345983797163 8.671364611906318e-05
5.710316429730152 0.8400276009322503 0.5423856873584431 -0.8400276009322503 8.569791035867302e-05
5.7316746734809785 0.8514204070324195 0.5243225079354632 -0.8514204070324195 8.45990805076191e-05
5.7538002901359935 0.862812962433743 0.5053582727404416 -0.862812962433743 8.340401455292357e-05
5.776794530574374 0.8742051923185488 0.48538756619233814 -0.8742051923185488 8.20961545838772e-05
5.800782188095807 0.8855969908161704 0.4642808001550852 -0.8855969908161704 8.065423234882019e-05
5.825920040412108 0.8969882034896051 0.4418756184772437 -0.8969882034896051 7.905029792210083e-05
5.8524096227241085 0.9083785966556955 0.4179639122493427 -0.9083785966556955 7.724659752650354e-05
5.88051739545719 0.9197678004701163 0.39227135052273565 -0.9197678004701163 7.519038871672823e-05
5.910608308204425 0.9311551955821988 0.3644233693347045 -0.9311551955821988 7.280481150928608e-05
5.943205512156973 0.9425396661018725 0.33388476255912664 -0.9425396661018725 6.997157770316509e-05
5.979106316646238 0.9539189931889697 0.29984256678453947 -0.9539189931889697 6.649478870068837e-05
6.019636237487949 0.9652880994910346 0.260949911011954 -0.9652880994910346 6.201446191994586e-05
6.067314318164349 0.9766325442475747 0.2146563864522859 -0.9766325442475747 5.575463587792484e-05
6.128199894216063 0.9878918075071381 0.15485078804018243 -0.9878918075071381 4.550505180700437e-05
6.227755706106389 0.9984124279172069 0.05597672263075136 -0.9984124279172069 1.9615151994056834e-05
6.426867329887039 0.9897667946877159 -0.14195807405915714 -0.9897667946877159 0.00010479867150986477
6.526423141777364 0.9707290760190692 -0.23954745311707903 -0.9707290760190692 0.00015103933814247794
6.597360412194178 0.9512938324471816 -0.3077189825196687 -0.9512938324471816 0.00017453607250672576
6.655539188846665 0.9317811630537085 -0.3624964823112332 -0.9317811630537085 0.0001900822451300077
6.706149411257986 0.9122418058350671 -0.40915968860475627 -0.9122418058350671 0.00020161845381733157
6.751627929017418 0.892690436824059 -0.45020251013092866 -0.892690436824059 0.00021074193734088587
6.793344538086717 0.8731327510711556 -0.4870345879383926 -0.8731327510711556 0.00021825457929780523
6.832158355824354 0.8535713866641421 -0.520544577782833 -0.8535713866641421 0.00022461520457284223
6.868649663048075 0.8340077201069713 -0.5513355616075918 -0.8340077201069713 0.00023011065440659006
6.903232005645044 0.8144425338922501 -0.5798391973265224 -0.8144425338922501 0.00023493211545261294
6.9362123485131075 0.7948763025559658 -0.6063771408315706 -0.7948763025559658 0.00023921335594323523
6.967825951466779 0.7753093287914217 -0.6311967533880583 -0.7753093287914217 0.00024305160068494036
6.9982578384124485 0.7557418136667439 -0.6544931410257213 -0.7557418136667439 0.00024651971299294306
7.027656661498838 0.7361738952545385 -0.6764234240189124 -0.7361738952545385 0.0002496736921452358
7.056144011677738 0.7166056710285307 -0.6971163441376403 -0.7166056710285307 0.0002525574929601593
7.083820878783048 0.6970372114279223 -0.7166789472336978 -0.6970372114279223 0.0002552062383922582
7.110772259521351 0.6774685683812299 -0.7352013615330149 -0.6774685683812299 0.0002576484277440061
7.137070523336618 0.6578997808345768 -0.7527602961021321 -0.6578997808345768 0.00025990749502313726
7.16277792218213 0.6383308784366241 -0.7694216553789649 -0.6383308784366241 0.0002620029341106056
7.187948496075659 0.6187618840542696 -0.7852425285136136 -0.6187618840542696 0.00026395112757870987
7.212629543214907 0.5991928155267324 -0.8002727271905268 -0.5991928155267324 0.00026576596809196884
7.236862770432247 0.5796236869117322 -0.814555991266098 -0.5796236869117322 0.0002674593316773777
7.26068520508441 0.5600545093857862 -0.8281309459439944 -0.5600545093857862 0.0002690414432756638
7.284129926247873 0.5404852919044965 -0.8410318703292662 -0.5404852919044965 0.0002705211626837789
7.307226657215752 0.5209160416934479 -0.8532893208547961 -0.5209160416934479 0.0002719062107954251
7.330002250237877 0.5013467646177093 -0.8649306416738953 -0.5013467646177093 0.0002732033504694309
7.352481086618242 0.4817774654631126 -0.875980386028675 -0.4817774654631126 0.00027441853249643433
7.3746854096559815 0.4622081481525913 -0.8864606667825257 -0.4622081481525913 0.0002755570144160613
7.396635603812469 0.44263881591415816 -0.8963914500541122 -0.44263881591415816 0.00027662345799900345
7.418350430456605 0.4230694714124764 -0.9057908027459569 -0.4230694714124764 0.0002776220098014148
7.439847228275664 0.40350011685275217 -0.9146751024071169 -0.40350011685275217 0.0002785563681727554
7.461142084728241 0.38393075406338906 -0.9230592160883606 -0.38393075406338906 0.00027942983932927046
7.482249983610287 0.3643613845622092 -0.93095665348653 -0.3643613845622092 0.0002802453845354158
7.50318493279962 0.34479200960985623 -0.9383796986237477 -0.34479200960985623 0.00028100566000066607
7.523960075463072 0.3252226302531294 -0.9453395234886254 -0.3252226302531294 0.00028171305076746256
7.544587787398514 0.3056532473603529 -0.9518462864238406 -0.3056532473603529 0.0002823696996074321
7.565079762701238 0.28608386165040633 -0.9579092175356174 -0.28608386165040633 0.0002829775317461647
7.585447089560614 0.2665144737166825 -0.9635366929948018 -0.2665144737166825 0.00028353827608035287
7.6057003176863205 0.2469450840469624 -0.9687362997731576 -0.2469450840469624 0.00028405348342486203
7.625849518616846 0.22737569303999086 -0.9735148920946817 -0.22737569303999086 0.00028452454223204526
7.645904339963739 0.20780630101937472 -0.9778786406668041 -0.20780630101937472 0.0002849526921442913
7.6658740544832495 0.18823690824529987 -0.9818330755800073 -0.18823690824529987 0.0002853390356771235
7.685767604735226 0.16866751492446852 -0.9853831236187476 -0.16866751492446852 0.0002856845482821502
7.705593643981342 0.14909812121858107 -0.9885331406053672 -0.14909812121858107 0.00028599008698926287
7.725360573886574 0.12952872725162765 -0.9912869392970804 -0.12952872725162765 0.0002862563977998889
7.745076579515569 0.10995933311620824 -0.993647813270225 -0.10995933311620824 0.0002864841219694103
7.764749662056504 0.0903899388790628 -0.9956185571527146 -0.0903899388790628 0.00028667380129299147
7.784387669656899 0.07082054458596389 -0.9972014835024895 -0.07082054458596389 0.0002868258824908487
7.803998326716965 0.05125115026610198 -0.9983984365747319 -0.05125115026610198 0.00028694072076618227
7.8235892619550444 0.03168175593607546 -0.9992108031719882 -0.03168175593607546 0.00028701858259860824
7.843168035535533 0.012112361603584271 -0.9996395207277213 -0.012112361603584271 0.00028705964781783333
7.862742165531466 -0.007457032729083955 -0.9996850827340029 0.007457032729083955 0.00028706401099354295
7.882319153981256 -0.02702642706169312 -0.9993475415869865 0.02702642706169312 0.00028703168216270836
7.901906512791356 -0.04659582139274525 -0.9986265088885448 0.04659582139274525 0.00028696258690630305
7.921511789733705 -0.06616521571613793 -0.9975211532081317 0.06616521571613793 0.0002868565657779265
7.941142594788616 -0.08573461001771526 -0.9960301952747036 0.08573461001771526 0.00028671337307306644
7.96080662709031 -0.10530400427163136 -0.9941519005335753 0.10530400427163136 0.0002865326749202368
7.980511702743785 -0.12487339843643933 -0.9918840689665339 0.12487339843643933 0.00028631404666323856
8.000265783798554 -0.14444279245080965 -0.9892240220344597 0.14444279245080965 0.0002860569694895232
8.020077008687478 -0.16401218622876929 -0.986168586559095 0.16401218622876929 0.00028576082624814925
8.039953724468225 -0.18358157965433602 -0.9827140753132859 0.18358157965433602 0.00028542489638605506
8.05990452124179 -0.20315097257540168 -0.9788562640356571 0.20315097257540168 0.0002850483499122203
8.079938269168297 -0.22272036479668977 -0.9745903645246389 0.22272036479668977 0.0002846302402804701
8.100064158556581 -0.24228975607157902 -0.9699109933961253 0.24228975607157902 0.00028416949605802877
8.120291743572947 -0.26185914609253935 -0.9648121360064091 0.26185914609253935 0.0002836649112182288
8.140630990198584 -0.28142853447987115 -0.9592871049444927 0.28142853447987115 0.0002831151338629212
8.16109232916786 -0.30099792076836734 -0.9533284923817392 0.30099792076836734 0.0002825186531399404
8.181686714745315 -0.3205673043914256 -0.9469281154275002 0.3205673043914256 0.00028187378406890895
8.20242569035327 -0.3401366846620225 -0.940076953470971 0.3401366846620225 0.00028117864993287833
8.223321462251453 -0.3597060607498083 -0.9327650762846085 0.3597060607498083 0.0002804311618118671
8.244386982704386 -0.37927543165338623 -0.9249815614133297 0.37927543165338623 0.00027962899474809344
8.265636044363223 -0.39884479616658314 -0.916714399063862 0.39884479616658314 0.0002787695599095752
8.287083387952256 -0.41841415283718114 -0.907950382323614 0.41841415283718114 0.0002778499719735539
8.308744825807015 -0.4379834999161314 -0.8986749800565756 0.4379834999161314 0.0002768670107647364
8.330637384388924 -0.45755283529467344 -0.8888721892161604 0.45755283529467344 0.00027581707593787863
8.35277946963807 -0.4771221564259746 -0.8785243625426984 0.4771221564259746 0.0002746961331865916
8.375191059971899 -0.4966914602268035 -0.8676120066237359 0.4966914602268035 0.0002734996500500242
8.397893932963578 -0.5162607429532359 -0.8561135440160166 0.5162607429532359 0.00027222251885450355
8.420911933336674 -0.535830000042282 -0.844005031458616 0.535830000042282 0.0002708589636142844
8.444271292029201 -0.5553992259083537 -0.8312598240062415 0.5553992259083537 0.00026940242675693726
8.46800100890492 -0.5749684136792516 -0.8178481719797972 0.5749684136792516 0.000267845430234559
8.492133315503487 -0.5945375548502222 -0.8037367336790936 0.5945375548502222 0.00026617940379036753
8.516704239435306 -0.6141066388256328 -0.7888879814073718 0.6141066388256328 0.00026439447064297017
8.541754299254018 -0.6336756523043714 -0.7732594708906035 0.6336756523043714 0.0002624791773066515
8.567329368807401 -0.653244578444656 -0.7568029336850726 0.653244578444656 0.00026042014916571876
8.593481764609315 -0.6728133957122749 -0.7394631371868541 0.6728133957122749 0.0002582016459468095
8.620271630952645 -0.6923820762661237 -0.7211764350734431 0.6923820762661237 0.0002558049800858164
8.64776872894813 -0.711950583653506 -0.7018688986894086 0.711950583653506 0.00025320774397435963
8.676054783480742 -0.7315188694519666 -0.6814538708560578 0.7315188694519666 0.00025038276550592986
8.70522661655508 -0.7510868682612505 -0.6598287073082444 0.7510868682612505 0.00024729666871903255
8.735400414869568 -0.7706544900343985 -0.6368703488922309 0.7706544900343985 0.00024390784585470726
8.766717677046485 -0.7902216079705182 -0.6124291658987796 0.7902216079705182 0.00024016352650685358
8.799353725381115 -0.809788038709607 -0.5863201698163155 0.809788038709607 0.0002359954147074239
8.833530275849506 -0.8293535085494657 -0.5583100679089473 0.8293535085494657 0.00023131296409900637
8.8695347094369 -0.8489175928565702 -0.5280974677028392 0.8489175928565702 0.00022599257222766234
8.907750994084893 -0.86847960054834 -0.495281197704427 0.86847960054834 0.00021985931593210273
8.948712193685873 -0.8880383363796842 -0.45930665679582106 0.8880383363796842 0.0002126540715243208
8.99319634711397 -0.907591561321998 -0.4193681188611002 0.907591561321998 0.0002039693499999995
9.042419296092481 -0.9271345956300964 -0.37421280285450376 0.9271345956300964 0.0001931098827970268
9.09847886607834 -0.9466559629042618 -0.32169085637700423 0.9466559629042618 0.00017874041061727297
9.165613608755516 -0.9661192716842052 -0.25748401979031904 0.9661192716842052 0.0001577662164997662
9.255353910573385 -0.9853357306517563 -0.16992193934350858 0.9853357306517563 0.00012001621535528972
9.434834514209125 -0.9999629715145373 0.008239365387519751 0.9999629715145373 3.084228913818876e-06
9.524574816026995 -0.9951970565938464 0.09776249693621769 0.9951970565938464 1.2656369870300832e-05
9.571472537902979 -0.9895178018320707 0.14430179965301443 0.9895178018320707 1.5755237164072344e-05
9.606958353547881 -0.983774113034285 0.17931373620527585 0.983774113034285 1.7539265855348596e-05
9.636661381906972 -0.9780139749015387 0.2084492598105187 0.9780139749015387 1.878549086958836e-05
9.662731252856474 -0.9722473817840437 0.2338707907538158 0.9722473817840437 1.974092312845288e-05
9.686252001141481 -0.9664776297129947 0.25667092224845095 0.9664776297129947 2.051446824058445e-05
9.70785909885535 -0.9607061079185755 0.2774913459142432 0.9607061079185755 2.1163575322113992e-05
9.72796234917253 -0.9549334997241539 0.2967466371892173 0.9549334997241539 2.1722210735208858e-05
9.7468440933266 -0.9491601790712669 0.3147229420334138 0.9491601790712669 2.221211161645975e-05
9.764708551585937 -0.9433863672570787 0.33162760142378106 0.9433863672570787 2.264802370099961e-05
9.781709055994554 -0.9376122033373784 0.3476165636697777 0.9376122033373784 2.304040762102222e-05
9.797964185125322 -0.9318377789349235 0.3628106391024521 0.9318377789349235 2.339695184944146e-05
9.8135678691324 -0.9260631567875057 0.377305688661186 0.9260631567875057 2.3723472333869733e-05
9.8285960077725 -0.9202883812444801 0.39117930210713836 0.9202883812444801 2.402447469329605e-05
9.843110967192896 -0.9145134845080234 0.4044953394200709 0.9145134845080234 2.43035202174835e-05
9.857164731130084 -0.9087384905010734 0.4173071158474652 0.9087384905010734 2.45634724504451e-05
9.870801167892386 -0.9029634173502796 0.4296596950967437 0.9029634173502796 2.4806668239008012e-05
9.884057698526775 -0.8971882790288911 0.4415915781515414 0.8971882790288911 2.5035039403931147e-05
9.896966548745363 -0.8914130864728198 0.4531359717155532 0.8914130864728198 2.525020120125454e-05
9.909555704860788 -0.8856378483565593 0.4643217575373668 0.8856378483565593 2.5453517887352728e-05
9.921849654976928 -0.8798625716437855 0.47517424458412066 0.8798625716437855 2.5646152147396073e-05
9.933869971580869 -0.8740872619852664 0.48571576073794687 0.8740872619852664 2.5829102928920378e-05
9.945635775122586 -0.8683119240111763 0.49596612399478757 0.8683119240111763 2.6003234798066543e-05
9.957164106999759 -0.8625365615490315 0.5059430218801071 0.8625365615490315 2.616930099968995e-05
9.968470232680678 -0.8567611777883674 0.5156623200420417 0.8567611777883674 2.6327961774263997e-05
9.979567890315428 -0.8509857754067001 0.5251383155487153 0.8509857754067001 2.6479799057677056e-05
9.990469496353217 -0.8452103566669575 0.5343839465460594 0.8452103566669575 2.66253283864315e-05
10.00118631691445 -0.8394349234936191 0.543410967134465 0.8394349234936191 2.6765008623585995e-05
